-1.858330e-02
-2.401960e-02
-1.392874e-03
1.342678e-02
-1.602322e-02
1.416143e-02
1.777986e-02
1.619046e-02
-1.574076e-02
-1.417990e-02
-6.753579e-03
-1.072989e-02
-1.336536e-02
8.188113e-03
6.449288e-02
-6.758260e-04
1.664654e-02
1.560297e-02
-2.833347e-04
6.047852e-03
-4.256518e-03
2.084789e-02
1.601926e-02
2.926839e-03
1.181346e-02
-2.284657e-02
8.806852e-02
2.415393e-02
-1.543402e-02
-1.653241e-02
-1.317394e-02
-7.564454e-03
-6.741969e-03
-1.929970e-03
4.328019e-04
7.285936e-03
-1.311603e-02
-2.276313e-02
-1.004552e-02
-9.509240e-03
-3.444853e-02
-5.481884e-03
-3.849369e-02
