chr	rs	ps	n_miss	alpha	beta	gamma
C589	6741:76:-	417	2	-8.029798e-05	-1.052503e-02	7.200000e-03
C831	6776:100:+	710	1	8.288016e-05	5.157857e-03	4.800000e-03
C831	6776:106:+	716	1	7.918201e-05	6.102483e-03	5.500000e-03
C1281	6844:21:+	64	1	5.128546e-05	-6.473987e-04	7.100000e-03
C1281	6844:38:+	81	1	-1.987430e-06	3.586256e-03	5.600000e-03
C1281	6844:64:+	107	1	-2.434669e-05	-3.107361e-04	6.200000e-03
C1443	6900:62:-	1203	1	1.605596e-05	-4.400871e-03	4.200000e-03
C1875	7065:117:+	433	2	-1.116498e-05	-4.983035e-03	6.300000e-03
C2003	7105:77:-	338	1	-2.464525e-05	-2.748294e-03	6.800000e-03
C2009	7109:52:-	395	2	-1.941779e-05	-5.977167e-03	4.800000e-03
C2037	7120:40:+	1706	1	9.316220e-05	5.018775e-03	5.100000e-03
C2037	7120:65:+	1731	1	-3.297957e-05	-7.029978e-03	5.900000e-03
C2037	7120:116:+	1782	1	-1.869229e-05	-9.467241e-04	5.100000e-03
C2049	7124:83:+	645	0	1.055145e-04	1.539053e-03	6.000000e-03
C2393	7280:114:+	741	1	-3.120602e-05	1.279064e-04	6.500000e-03
C2407	7293:111:+	329	0	-2.640889e-05	-1.566465e-03	5.800000e-03
C2675	7430:51:+	941	2	3.814411e-05	5.824238e-03	4.300000e-03
C2675	7430:88:+	978	2	-2.503805e-05	-8.391918e-04	8.000000e-03
C2691	7443:64:-	1185	0	-1.246783e-05	-1.287075e-04	7.100000e-03
C2773	7495:82:+	524	2	-1.979670e-05	-8.230017e-02	5.500000e-03
C2889	7561:84:+	1854	1	4.927284e-07	-8.129871e-03	6.500000e-03
C2933	7590:133:-	1326	2	1.343415e-05	2.926224e-02	7.200000e-03
C3091	7706:85:+	269	1	-1.329441e-05	-2.251285e-03	5.000000e-03
C3091	7706:126:+	310	1	3.127556e-05	4.287798e-04	6.100000e-03
C3117	7720:79:+	2048	1	-3.390411e-05	-5.374249e-03	5.300000e-03
C3127	7722:114:-	504	0	5.876058e-05	8.562808e-03	6.000000e-03
C3127	7722:45:-	573	0	1.275520e-05	2.985702e-03	5.200000e-03
C3129	7724:95:-	1308	2	-1.432430e-05	-1.158682e-03	5.100000e-03
C3243	7801:89:-	855	2	-1.096285e-05	3.234751e-03	5.800000e-03
C3243	7801:14:-	930	2	-1.997170e-05	-2.604195e-03	5.100000e-03
C3379	7925:12:+	2828	1	7.084246e-05	1.408663e-02	6.800000e-03
C3379	7925:93:+	2909	2	-2.965177e-05	6.250651e-03	7.000000e-03
C3389	7945:46:+	852	2	-8.619374e-05	-2.479599e-03	7.700000e-03
C3393	7947:19:+	585	2	5.076152e-06	-9.620125e-04	5.800000e-03
C3393	7947:86:+	652	2	5.076152e-06	-2.779239e-03	5.200000e-03
C3393	7951:60:+	2494	0	-4.051321e-05	-1.755824e-03	6.000000e-03
C3393	7951:93:+	2527	0	-3.807074e-05	-4.049845e-03	6.600000e-03
C3409	7970:120:+	390	2	8.894279e-06	4.153985e-04	5.000000e-03
C3413	7977:84:+	2561	0	9.494707e-06	2.982857e-04	7.400000e-03
C3427	7994:20:-	3412	1	-2.733795e-05	7.164505e-04	6.500000e-03
C3467	8011:107:-	385	2	-8.713569e-06	3.229573e-04	5.000000e-03
C3467	8011:21:-	471	2	-8.713569e-06	2.235983e-04	6.600000e-03
C3469	8018:125:+	1502	0	5.197699e-05	6.090004e-03	5.400000e-03
C3487	8031:80:-	3064	1	1.875015e-05	1.588928e-02	4.600000e-03
C3525	8071:90:-	2079	0	-3.106802e-05	-3.466239e-03	6.800000e-03
C3529	8076:41:-	1191	2	2.588840e-05	9.892516e-04	6.400000e-03
C3567	8108:139:-	2589	1	-1.153688e-05	-7.668134e-03	4.500000e-03
C3595	8131:39:+	2291	0	1.429147e-04	1.962460e-03	5.800000e-03
C3595	8131:116:+	2368	0	-1.942025e-05	2.541104e-03	4.600000e-03
C3617	8164:88:+	792	2	-4.534320e-05	-7.336391e-04	5.300000e-03
C3617	8164:102:+	806	2	6.270849e-05	1.413260e-02	3.700000e-03
C3641	8180:47:+	488	0	-2.788673e-05	2.309431e-03	7.300000e-03
C3737	8297:119:-	1896	1	-3.729376e-06	-3.689223e-03	6.600000e-03
C3817	8382:37:+	477	2	2.193157e-05	5.872503e-03	5.600000e-03
C3823	8386:111:+	945	1	-2.790719e-06	5.713418e-04	5.300000e-03
C3823	8386:138:+	972	1	-2.057134e-05	-9.642285e-03	6.200000e-03
C3835	8407:22:+	2954	0	-1.919187e-05	-2.846164e-03	6.200000e-03
C3849	8431:108:-	2656	0	-2.370339e-05	-9.595158e-03	4.600000e-03
C3915	8513:5:+	3630	0	-6.080735e-06	3.065527e-03	4.600000e-03
C3915	8513:6:+	3631	0	9.186760e-06	-1.412701e-03	5.200000e-03
C3915	8513:61:+	3686	0	-2.007675e-05	1.339771e-04	4.800000e-03
C3975	8586:69:-	2729	1	4.514096e-05	1.988230e-04	5.800000e-03
C4035	8630:61:+	2679	0	-2.925648e-05	6.955657e-04	6.200000e-03
C4037	8639:72:-	4041	2	1.516565e-05	-1.936325e-03	4.700000e-03
C4091	8698:41:-	1549	2	-9.731461e-06	-2.597461e-03	6.700000e-03
C4121	8734:15:+	18	0	8.758294e-06	4.517853e-03	5.400000e-03
C4121	8734:52:+	55	0	4.741472e-05	-1.573272e-03	5.100000e-03
C4153	8762:51:+	918	1	-2.813986e-05	-6.983765e-03	6.300000e-03
C4153	8762:77:+	944	1	-2.679017e-05	-2.627839e-03	4.400000e-03
C4153	8762:124:+	991	1	-6.304201e-06	-3.804070e-03	6.400000e-03
C4177	8787:106:-	3662	0	-3.154844e-05	2.430652e-03	5.400000e-03
C4177	8787:12:-	3756	0	-1.919187e-05	2.643170e-02	1.320000e-02
C4209	8820:27:+	2773	2	1.286174e-04	4.403653e-03	5.700000e-03
C4247	8858:101:+	776	0	9.714268e-05	7.430298e-02	1.201000e-01
C4247	8858:102:+	777	0	9.714268e-05	5.451546e-02	9.600000e-03
C4255	8866:99:-	46	0	1.005324e-05	5.051078e-03	7.100000e-03
C4285	8912:105:+	3246	2	5.071832e-05	2.555241e-03	5.900000e-03
C4343	8968:77:+	4263	1	1.130134e-04	1.667160e-03	6.700000e-03
C4367	8973:104:+	723	2	5.512814e-06	1.192015e-04	5.400000e-03
C4385	9003:37:-	1377	2	6.893524e-05	2.419936e-03	3.300000e-03
C4407	9034:63:-	1767	2	-2.078189e-05	3.420128e-03	4.000000e-03
C4429	9062:107:+	3004	1	-9.465641e-06	1.449789e-03	5.700000e-03
C4439	9074:154:-	3381	0	8.260401e-05	-2.224639e-03	6.700000e-03
C4439	9074:83:-	3452	0	-5.283159e-06	-2.768029e-03	7.100000e-03
C4439	9074:68:-	3467	0	-1.700709e-05	-7.635653e-03	6.600000e-03
C4477	9147:10:+	2937	1	-2.145172e-05	-1.682633e-04	6.800000e-03
C4477	9147:19:+	2946	1	3.219485e-05	-5.621967e-04	5.900000e-03
C4561	9241:83:-	873	2	-3.330173e-05	-8.458077e-04	6.000000e-03
C4561	9241:64:-	892	2	-1.695617e-05	3.463475e-03	7.000000e-03
C4641	9362:38:-	383	2	-4.004713e-05	-4.531049e-03	5.300000e-03
C4641	9365:129:-	1259	2	-6.182902e-06	-2.961275e-03	5.600000e-03
C4641	9365:95:-	1293	2	-1.087080e-05	1.108182e-03	6.200000e-03
C4641	9369:130:-	1907	1	-5.085118e-05	-2.870273e-03	6.500000e-03
C4641	9369:116:-	1921	1	-4.285648e-05	-2.258718e-03	5.500000e-03
C4641	9369:89:-	1948	2	-4.324567e-05	2.897577e-03	6.400000e-03
C4641	9369:78:-	1959	2	-4.324567e-05	-4.763617e-03	5.900000e-03
C4641	9369:47:-	1990	1	-4.285648e-05	-1.692743e-03	6.400000e-03
C4641	9369:44:-	1993	1	-5.151603e-05	-4.424544e-04	5.600000e-03
C4641	9369:37:-	2000	2	-4.324567e-05	-2.302852e-03	6.000000e-03
C4641	9369:21:-	2016	1	-5.085118e-05	-1.301184e-03	5.500000e-03
C4641	9369:15:-	2022	1	-5.151603e-05	1.265393e-03	5.100000e-03
C4641	9369:7:-	2030	1	-5.085118e-05	-5.103630e-03	6.300000e-03
C4661	9404:81:+	868	1	-1.645482e-05	3.231175e-03	6.800000e-03
C4755	9536:14:+	4402	1	-2.589217e-05	-5.190983e-03	5.700000e-03
C4783	9576:87:-	5071	1	1.030136e-04	2.220929e-03	6.000000e-03
C4783	9575:26:+	5181	2	-8.404970e-05	9.242220e-04	4.000000e-03
C4783	9575:46:+	5201	2	-4.870780e-06	4.489041e-04	6.100000e-03
C4783	9575:70:+	5225	2	9.489846e-05	5.381722e-03	5.100000e-03
C4783	9575:85:+	5240	2	-1.189446e-05	-2.756744e-03	5.400000e-03
C4821	9628:107:-	577	1	1.050940e-04	2.985925e-03	5.500000e-03
C4821	9628:103:-	581	1	1.184827e-05	1.166827e-02	3.900000e-03
C4821	9628:33:-	651	1	-1.203698e-05	-4.637887e-03	6.300000e-03
C4839	9651:109:-	3155	0	-1.032821e-05	-7.295025e-04	4.600000e-03
C4869	9687:100:-	3730	1	5.502879e-05	1.106528e-03	7.400000e-03
C4881	9708:35:+	1476	2	-2.665320e-05	-4.506745e-03	5.500000e-03
C4881	9708:57:+	1498	2	-4.202650e-05	6.090563e-03	6.900000e-03
C4881	9710:59:+	4374	1	-8.615034e-06	-3.255843e-03	6.700000e-03
C4881	9710:73:+	4388	1	-3.707062e-05	-1.919218e-03	5.200000e-03
C4887	9718:60:-	3906	0	-3.353523e-05	3.313795e-03	7.300000e-03
C4887	9718:28:-	3938	0	-5.423014e-05	1.210891e-03	5.200000e-03
C4949	9807:109:+	1362	0	-3.118013e-05	-8.443373e-03	5.500000e-03
C5047	9953:101:+	5216	1	-2.301734e-06	3.685437e-03	5.900000e-03
C5067	10003:53:-	805	0	-4.486753e-05	-1.059285e-02	5.500000e-03
C5071	10020:100:-	5029	2	-2.051107e-05	-5.751427e-03	6.300000e-03
C5071	10020:97:-	5032	2	-2.051107e-05	-2.844650e-03	5.400000e-03
C5071	10020:86:-	5043	2	-2.051107e-05	4.015389e-04	5.400000e-03
C5071	10020:39:-	5090	2	-4.294001e-05	-6.916571e-03	5.100000e-03
C5127	10106:62:-	1456	1	-3.415018e-05	-1.285485e-03	8.400000e-03
C5175	10201:63:+	3178	2	-2.257423e-05	4.960121e-03	6.200000e-03
C5185	10220:48:-	2494	0	-6.723252e-06	-9.025526e-05	5.400000e-03
C5193	10236:104:-	2158	0	3.429161e-06	-2.170364e-03	4.900000e-03
C5223	10296:23:-	4863	0	2.431415e-05	-1.985753e-03	6.500000e-03
C5229	10302:49:+	4689	0	1.376943e-05	9.051937e-04	5.400000e-03
C5261	10354:128:-	5835	0	-2.016927e-05	6.325907e-04	5.500000e-03
C5261	10354:125:-	5838	0	-2.016927e-05	2.868517e-03	6.000000e-03
C5261	10354:108:-	5855	0	-2.016927e-05	-4.640864e-04	6.700000e-03
C5261	10354:79:-	5884	0	-2.016927e-05	-6.591441e-03	6.200000e-03
C5261	10354:50:-	5913	0	-2.016927e-05	1.412922e-03	5.200000e-03
C5261	10354:25:-	5938	0	-2.016927e-05	-3.055667e-03	6.000000e-03
C5289	10394:69:-	4409	2	-1.476560e-05	-1.079165e-03	6.100000e-03
C5415	10602:10:-	4086	1	-2.997208e-05	9.259745e-04	6.200000e-03
C5415	10602:5:-	4091	1	-2.997208e-05	-4.753138e-03	7.900000e-03
C5429	10622:103:+	2605	0	-5.292922e-05	-4.599012e-03	6.700000e-03
C5459	10675:7:+	879	2	-3.551899e-05	-1.025274e-03	7.300000e-03
C5459	10675:85:+	957	2	-7.585573e-05	-4.796440e-03	7.300000e-03
C5461	10678:24:-	3412	2	2.767743e-06	8.176735e-04	5.800000e-03
C5461	10678:20:-	3416	2	-4.139492e-05	-6.593200e-03	6.200000e-03
C5493	10729:16:+	867	1	-5.851795e-05	4.447306e-03	6.300000e-03
C5493	10729:36:+	887	2	-5.147369e-05	5.042718e-03	5.100000e-03
C5493	10729:84:+	935	1	-4.976599e-05	7.504640e-03	5.100000e-03
C5493	10729:116:+	967	2	-5.147369e-05	3.874221e-04	7.800000e-03
C5495	10733:107:-	3563	2	4.783908e-05	9.230502e-04	6.300000e-03
C5503	10746:18:+	1634	2	-2.939656e-05	-3.953794e-03	4.700000e-03
C5521	10762:34:-	100	0	2.190885e-05	-2.792613e-03	4.900000e-03
C5597	10944:129:-	4893	0	-5.827804e-05	-4.045899e-03	7.400000e-03
C5601	10948:116:-	126	0	2.910354e-06	-4.224638e-03	5.600000e-03
C5601	10948:113:-	129	0	2.910354e-06	3.364811e-03	5.800000e-03
C5603	10954:115:+	1420	1	1.251188e-05	7.271223e-03	6.500000e-03
C5679	11090:134:+	3607	0	5.532341e-05	1.190396e-02	6.900000e-03
C5705	11132:89:-	4563	1	-2.551107e-05	-1.680673e-03	7.800000e-03
C5705	11132:9:-	4643	1	-3.266323e-05	-2.131928e-03	4.200000e-03
C5729	11199:12:+	6223	2	-6.838304e-05	2.381813e-03	5.900000e-03
C5749	11219:43:+	2266	0	-1.757784e-05	8.882919e-04	7.500000e-03
C5757	11240:126:-	4496	1	2.461953e-05	-1.327487e-03	4.400000e-03
C5771	11263:21:-	3013	1	-1.956053e-05	-4.878632e-03	7.500000e-03
C5789	11306:51:+	5082	0	-9.210095e-06	-6.435967e-03	7.600000e-03
C5835	11397:121:+	2001	1	8.435564e-05	6.491681e-03	6.300000e-03
C5885	11498:91:+	4446	2	-1.185474e-05	6.236236e-03	5.200000e-03
C5913	11561:53:-	1395	1	-1.978316e-05	-4.612812e-04	4.700000e-03
C5915	11568:104:+	2396	0	-5.896498e-05	-1.474426e-03	6.900000e-03
C5945	11646:66:-	3980	0	-1.919187e-05	-5.364010e-03	6.900000e-03
C5945	11646:56:-	3990	1	-7.705158e-06	3.099955e-04	6.000000e-03
C5945	11646:47:-	3999	1	-1.318371e-05	4.304624e-03	5.300000e-03
C5947	11667:94:-	7293	2	-1.064647e-05	-2.970674e-03	7.200000e-03
C5955	11682:19:-	3086	0	3.410024e-06	5.032029e-03	7.100000e-03
C5955	11685:101:-	3717	1	1.020002e-04	-1.963479e-03	6.000000e-03
C5969	11704:118:+	5122	1	-3.331746e-06	-2.766073e-03	4.800000e-03
C6011	11813:97:+	1623	0	-6.371166e-06	2.007680e-03	5.400000e-03
C6041	11863:129:-	3430	0	5.051751e-05	6.521861e-02	1.880000e-02
C6041	11863:62:-	3497	0	-5.425519e-06	-4.723755e-03	7.300000e-03
C6057	11882:40:-	1315	1	-9.273782e-06	-3.467500e-03	4.800000e-03
C6123	11992:62:+	302	1	2.562701e-05	4.394029e-03	4.800000e-03
C6131	12007:107:-	4104	2	-1.930313e-05	6.494628e-03	6.500000e-03
C6131	12007:45:-	4166	2	8.528019e-06	-4.037903e-03	8.000000e-03
C6137	12017:96:-	1813	2	-4.598097e-06	2.006128e-03	6.800000e-03
C6137	12017:34:-	1875	2	-1.605669e-05	-7.770612e-04	6.700000e-03
C6147	12039:109:-	1074	0	-3.028573e-06	-2.404399e-03	6.400000e-03
C6159	12069:97:-	657	0	-3.173389e-05	2.390095e-03	6.800000e-03
C6173	12107:16:+	3433	1	-1.926130e-05	-8.428107e-02	4.980000e-02
C6175	12117:56:-	7447	0	-1.246862e-05	1.459550e-03	8.700000e-03
C6177	12119:37:-	1519	0	-1.274185e-05	-2.129265e-03	6.600000e-03
C6181	12131:69:-	2648	1	8.431540e-06	7.418508e-04	4.600000e-03
C6183	12136:10:-	4778	1	-5.653404e-05	-5.248157e-03	6.100000e-03
C6197	12168:45:+	6503	1	7.682445e-05	1.921276e-02	9.000000e-03
C6207	12186:39:+	2451	1	-3.794608e-05	-6.944915e-05	7.300000e-03
C6207	12191:129:-	4829	2	9.179249e-05	-2.170589e-03	4.200000e-03
C6215	12202:132:-	1198	2	-2.067610e-05	-4.174578e-03	5.000000e-03
C6225	12226:119:+	8261	1	5.729606e-05	1.294016e-02	6.600000e-03
C6237	12247:114:+	3748	1	-4.493021e-05	-1.243089e-03	6.000000e-03
C6239	12252:12:-	3548	1	-2.585245e-05	-6.556451e-03	5.800000e-03
C6249	12286:85:-	5306	2	-2.839318e-05	-2.644079e-03	5.600000e-03
C6249	12286:29:-	5362	2	1.123086e-05	3.866833e-03	4.400000e-03
C6249	12286:28:-	5363	2	1.123086e-05	7.158347e-03	5.100000e-03
C6249	12286:13:-	5378	2	-2.951542e-05	9.636160e-04	5.000000e-03
C6259	12297:72:+	1612	1	-8.158012e-06	1.036701e-03	4.300000e-03
C6259	12297:73:+	1613	1	-1.185616e-05	1.040791e-03	6.300000e-03
C6259	12297:93:+	1633	1	-8.158012e-06	3.538742e-03	5.500000e-03
C6259	12302:117:+	5090	1	-5.484873e-06	2.447740e-03	6.600000e-03
C6263	12317:97:-	4047	0	3.917933e-05	1.217497e-03	4.100000e-03
C6263	12317:26:-	4118	0	-2.628306e-05	1.360121e-03	7.100000e-03
C6263	12317:18:-	4126	0	-2.396035e-05	-2.099532e-03	7.400000e-03
C6273	12348:88:-	1497	2	4.345710e-05	1.233834e-02	6.900000e-03
C6273	12348:62:-	1523	1	-1.025817e-05	-1.109136e-03	4.400000e-03
C6273	12348:12:-	1573	2	-3.265202e-05	-3.277763e-03	7.000000e-03
C6313	12412:71:+	5558	1	-2.792978e-06	-6.253208e-04	6.500000e-03
C6313	12417:85:-	8502	0	-1.860411e-05	-7.541801e-04	6.400000e-03
C6313	12417:80:-	8507	0	7.159997e-06	-4.832500e-03	6.600000e-03
C6325	12451:18:+	8279	2	2.640382e-05	-2.134553e-04	5.200000e-03
C6339	12487:16:-	457	2	-2.100857e-05	-1.553617e-03	5.400000e-03
C6349	12507:106:-	5052	2	-2.713263e-05	-1.872853e-03	6.600000e-03
C6359	12535:87:-	6552	1	-1.729289e-05	6.877418e-03	7.300000e-03
C6395	12603:108:-	1431	2	2.412179e-05	-1.089892e-03	5.700000e-03
C6395	12603:58:-	1481	2	2.436267e-06	-5.168002e-04	5.200000e-03
C6395	12603:31:-	1508	2	2.436267e-06	6.211993e-04	5.400000e-03
C6395	12603:15:-	1524	2	2.436267e-06	-3.787099e-03	5.600000e-03
C6401	12625:15:+	825	2	4.531694e-06	-1.241803e-03	6.400000e-03
C6423	12659:10:+	202	2	2.952421e-05	9.460292e-04	8.100000e-03
C6423	12659:56:+	248	2	-1.323082e-05	-2.017986e-03	5.600000e-03
C6423	12659:78:+	270	2	5.842294e-06	-5.781592e-03	4.800000e-03
C6455	12738:111:-	8341	2	3.508951e-06	3.154970e-03	5.500000e-03
C6455	12738:98:-	8354	2	5.118918e-05	4.555916e-03	5.800000e-03
C6481	12768:130:-	5279	1	6.412330e-05	2.034366e-01	1.500000e-02
C6481	12768:49:-	5360	1	1.772867e-05	3.098782e-03	6.900000e-03
C6487	12773:105:-	1160	2	-1.525884e-05	-6.053887e-04	7.700000e-03
C6487	12773:104:-	1161	2	-1.525884e-05	-3.696763e-03	5.600000e-03
C6499	12817:47:+	7630	0	-3.402301e-05	-2.099936e-03	8.200000e-03
C6507	12824:105:-	445	1	-2.489790e-05	8.014264e-03	4.200000e-03
C6507	12824:84:-	466	1	-1.958448e-05	-2.156883e-03	5.500000e-03
C6507	12824:32:-	518	1	-2.774076e-05	-3.930317e-03	5.700000e-03
C6511	12845:92:+	6614	0	-6.349964e-06	-6.558565e-04	7.500000e-03
C6531	12880:85:-	2926	1	5.321886e-05	-5.639591e-03	7.700000e-03
C6567	12998:20:+	6571	2	2.050913e-05	1.445182e-04	5.200000e-03
C6579	13023:58:-	638	2	-4.862407e-06	-5.539442e-03	4.400000e-03
C6591	13043:141:+	436	2	-4.458007e-05	-4.343135e-03	4.700000e-03
C6599	13065:126:-	1140	1	2.961307e-05	4.811102e-04	6.500000e-03
C6607	13079:56:-	2780	2	-2.127993e-05	4.557820e-03	4.700000e-03
C6649	13194:115:-	5094	0	2.336302e-05	-1.717803e-03	5.100000e-03
C6691	13254:26:-	2019	0	6.873050e-05	2.452845e-03	4.100000e-03
C6691	13254:21:-	2024	0	-3.238120e-05	2.640774e-03	4.700000e-03
C6699	13282:115:-	3115	1	1.771624e-06	-4.812491e-01	8.293000e-01
C6703	13295:40:+	5300	0	3.175949e-05	-3.241756e-03	6.000000e-03
C6733	13361:122:-	4704	1	2.572306e-06	2.510335e-03	5.300000e-03
C6733	13361:118:-	4708	1	-3.112629e-05	-1.830162e-04	6.300000e-03
C6733	13361:110:-	4716	0	-1.885042e-05	-9.526686e-03	4.500000e-03
C6733	13366:28:+	7118	2	-5.843281e-06	-6.629376e-03	6.100000e-03
C6743	13387:24:-	8995	1	-5.698996e-05	-8.297769e-03	8.000000e-03
C6759	13415:110:+	4632	0	3.879106e-05	4.832784e-03	5.500000e-03
C6761	13422:115:+	4235	2	-1.181245e-05	4.491532e-03	6.100000e-03
C6761	13422:129:+	4249	2	-3.821034e-05	-2.883986e-03	5.300000e-03
C6777	13454:46:-	3788	0	-5.779475e-06	2.692941e-03	5.900000e-03
C6789	13506:121:+	6124	2	-1.029987e-05	-1.504889e-03	6.000000e-03
C6799	13533:118:+	1533	2	-1.962572e-05	9.141228e-05	6.500000e-03
C6809	13549:86:-	9142	2	1.540938e-04	5.587828e-03	6.500000e-03
C6809	13549:56:-	9172	2	-2.554792e-05	-2.761455e-03	6.100000e-03
C6835	13662:33:+	892	0	-1.516548e-05	-1.111650e-03	4.600000e-03
C6859	13735:67:-	6215	0	1.954767e-06	-8.948790e-03	5.200000e-03
C6863	13746:45:-	9970	2	3.173681e-05	2.175111e-04	5.900000e-03
C6893	13806:120:-	3911	2	-2.563792e-06	-8.521775e-03	5.400000e-03
C6893	13806:48:-	3983	2	-2.817100e-05	-2.638064e-03	5.800000e-03
C6977	13975:28:-	7729	2	4.564803e-05	4.707130e-03	6.100000e-03
C6993	14000:84:+	10169	0	-1.089833e-05	-6.059920e-03	5.200000e-03
C7003	14025:24:-	10249	0	2.081038e-05	2.543358e-02	6.300000e-03
C7029	14074:20:+	8820	0	-2.170404e-05	-1.504640e-02	7.000000e-03
C7033	14087:18:+	261	0	1.986510e-05	9.451469e-03	5.600000e-03
C7033	14087:55:+	298	0	-7.656082e-06	-4.091217e-03	4.300000e-03
C7037	14117:32:-	8924	2	-2.593324e-05	3.846960e-03	6.700000e-03
C7037	14117:20:-	8936	2	1.297268e-04	2.004716e-03	5.800000e-03
C7057	14180:106:+	1332	2	-1.849872e-05	-1.332654e-02	6.300000e-03
C7063	14215:18:-	6458	0	-2.372834e-05	6.143606e-04	6.300000e-03
C7083	14265:88:+	10320	0	-1.092799e-05	-1.044535e-01	1.880000e-02
C7099	14318:64:+	6557	2	-1.671457e-05	-3.839374e-04	9.100000e-03
C7099	14318:78:+	6571	2	-1.671457e-05	8.553748e-04	4.500000e-03
C7103	14327:22:+	10193	1	2.592420e-05	-1.975445e-03	5.600000e-03
C7107	14335:43:+	447	0	-4.204854e-05	-1.499686e-03	4.500000e-03
C7109	14345:55:+	5953	2	-1.706573e-05	-4.489744e-03	5.200000e-03
C7109	14345:67:+	5965	2	1.771348e-04	1.158690e-02	6.800000e-03
C7109	14345:92:+	5990	2	1.771348e-04	1.247399e-02	4.400000e-03
C7123	14400:92:+	8245	2	3.291221e-05	-4.563472e-03	6.000000e-03
C7169	14539:9:+	6723	1	-2.057134e-05	-2.118252e-03	5.300000e-03
C7173	14570:96:+	8344	2	-1.040284e-05	-4.265847e-03	8.300000e-03
C7173	14570:111:+	8359	2	3.634561e-05	2.590808e-03	6.900000e-03
C7173	14573:70:-	8691	2	8.929695e-06	2.183444e-02	8.800000e-03
C7173	14573:40:-	8721	2	8.929695e-06	-3.326800e-03	5.300000e-03
C7181	14593:27:-	8269	0	-5.131800e-05	-6.613802e-03	6.600000e-03
C7191	14627:121:-	7619	2	9.858703e-06	-3.200140e-03	5.700000e-03
C7195	14642:56:+	5930	1	-1.926130e-05	1.911869e-03	5.700000e-03
C7197	14662:46:+	10943	0	-3.666463e-05	2.478495e-03	6.400000e-03
C7225	14750:106:-	6595	2	-5.053107e-06	2.553300e-03	7.100000e-03
C7225	14750:97:-	6604	2	4.822233e-05	-2.708913e-03	6.300000e-03
C7263	14880:62:-	8565	2	-2.891165e-05	4.123180e-03	4.300000e-03
C7277	14921:110:+	8724	1	-4.567669e-05	-3.315561e-03	5.000000e-03
C7299	14994:54:+	1465	2	-2.748396e-05	-8.097277e-03	7.900000e-03
C7315	15049:16:+	7168	0	5.114765e-05	5.246361e-02	9.700000e-03
C7319	15054:51:-	7397	0	-8.150640e-05	-5.253347e-03	5.000000e-03
C7327	15095:10:-	11216	2	6.616578e-06	1.438894e-02	3.900000e-03
C7333	15120:29:-	5414	2	-4.135625e-06	-4.517914e-06	7.400000e-03
C7333	15126:66:+	7669	2	2.775471e-06	3.225522e-03	7.200000e-03
C7353	15175:117:-	6168	2	-6.882863e-06	1.518889e-02	1.140000e-02
C7361	15209:50:+	3561	2	5.706479e-05	-1.937528e-03	5.000000e-03
C7361	15209:52:+	3563	2	5.706479e-05	1.302145e-03	7.200000e-03
C7381	15264:63:+	7584	0	-1.640726e-05	2.448558e-04	5.500000e-03
C7397	15306:90:+	11484	0	1.751433e-05	7.756286e-03	7.000000e-03
C7429	15394:5:-	10202	0	4.454861e-05	-8.307570e-03	3.600000e-03
C7451	15439:127:+	4250	2	-1.525483e-05	-7.038256e-03	5.300000e-03
C7475	15513:109:-	4948	2	-2.566898e-05	-6.455566e-03	6.100000e-03
C7489	15576:82:-	8628	2	-2.458771e-05	-5.770977e-03	5.600000e-03
C7497	15597:12:+	5150	0	1.090208e-04	3.940949e-03	7.800000e-03
C7523	15672:120:-	11991	2	-1.790809e-05	1.493950e-03	5.900000e-03
C7527	15686:85:-	9857	2	-2.637047e-05	2.296896e-03	7.100000e-03
C7527	15687:63:-	10334	0	3.609138e-05	5.710594e-03	6.300000e-03
C7527	15690:139:-	11183	1	-1.677564e-05	1.640708e-03	6.000000e-03
C7535	15709:40:-	10767	0	8.988067e-05	9.147536e-03	4.300000e-03
C7535	15709:28:-	10779	0	-1.742982e-05	-1.705365e-03	7.400000e-03
C7559	15776:23:+	5790	2	3.070206e-05	4.324625e-03	4.200000e-03
C7559	15776:89:+	5856	2	-1.338113e-05	-6.632133e-04	7.400000e-03
C7559	15778:32:+	9742	2	-5.797418e-05	-3.100959e-03	5.700000e-03
C7561	15794:102:-	11540	2	-2.786079e-06	-7.423795e-03	5.500000e-03
C7561	15794:50:-	11592	2	1.623418e-06	-2.760305e-03	6.000000e-03
C7561	15794:40:-	11602	2	1.623418e-06	-6.342190e-03	5.500000e-03
C7569	15808:15:+	6554	0	1.954767e-06	-2.680795e-03	6.100000e-03
C7569	15808:98:+	6637	0	1.954767e-06	-5.531351e-03	6.300000e-03
C7625	15998:72:-	10545	1	3.733766e-05	1.901160e-02	6.100000e-03
C7631	16020:108:-	10689	2	2.332282e-05	-8.094443e-04	5.900000e-03
C7637	16048:59:+	11685	1	-1.874847e-05	-2.077205e-03	5.000000e-03
C7637	16048:68:+	11694	2	-3.070745e-05	-6.541220e-03	5.400000e-03
C7647	16081:125:+	1968	2	-5.265644e-06	4.712803e-03	5.600000e-03
C7699	16262:83:+	3842	0	-9.199758e-06	2.683828e-04	7.300000e-03
C7699	16262:112:+	3871	0	-1.002604e-05	-6.050406e-03	5.600000e-03
C7737	16427:88:-	9863	0	-1.174658e-05	4.158445e-03	5.800000e-03
C7737	16427:22:-	9929	0	-1.599435e-06	-7.015159e-04	6.300000e-03
C7739	16428:118:+	4788	1	-7.584918e-05	9.939883e-04	5.200000e-03
C7741	16434:9:+	1610	1	8.029158e-06	1.286310e-02	5.400000e-03
C7775	16552:82:+	2667	1	-4.920461e-05	8.794798e-04	4.800000e-03
C7821	16735:41:+	3185	1	-7.920342e-05	1.156474e-03	5.800000e-03
C7827	16762:85:+	10178	0	4.530227e-05	-1.330827e-04	6.800000e-03
C7827	16762:134:+	10227	1	-7.294098e-06	-1.697925e-03	6.200000e-03
C7827	16762:135:+	10228	1	-3.649060e-06	-1.114646e-02	6.100000e-03
C7837	16778:12:+	13829	1	-1.913661e-05	-2.801541e-03	6.200000e-03
C7885	16903:73:-	1168	2	-1.606723e-05	-2.825644e-03	4.400000e-03
C7885	16903:55:-	1186	2	-3.453055e-05	-8.335705e-03	6.100000e-03
C7885	16914:41:+	12452	0	-3.148178e-05	-7.082466e-03	7.500000e-03
C7887	16920:16:-	8086	1	1.916564e-05	4.900821e-03	5.000000e-03
C7891	16945:33:+	7306	2	2.658734e-05	7.376527e-05	8.600000e-03
C7901	16990:123:-	289	0	4.398937e-05	3.060363e-03	6.800000e-03
C7901	16990:56:-	356	0	4.796373e-05	2.180287e-03	5.200000e-03
C7905	17023:61:-	5490	1	-4.481845e-06	-1.525821e-03	6.400000e-03
C7975	17295:117:-	5028	2	8.165078e-05	3.797151e-03	6.000000e-03
C7975	17295:13:-	5132	2	-5.169755e-06	-2.511017e-03	4.700000e-03
C7995	17360:131:-	10910	2	1.139864e-05	8.731906e-03	6.700000e-03
C7995	17360:93:-	10948	2	1.139864e-05	-3.254155e-03	5.800000e-03
C7995	17360:87:-	10954	2	1.139864e-05	6.912698e-03	5.400000e-03
C7995	17360:81:-	10960	2	1.139864e-05	3.157739e-02	1.330000e-02
C7995	17360:76:-	10965	2	1.139864e-05	6.210015e-03	6.400000e-03
C7995	17360:5:-	11036	2	1.139864e-05	9.879418e-04	6.700000e-03
C8005	17378:118:-	4677	2	2.274358e-05	9.388381e-04	6.600000e-03
C8005	17378:110:-	4685	2	-2.726094e-05	-5.351645e-04	5.800000e-03
C8005	17378:93:-	4702	2	3.253617e-05	-1.216654e-03	5.900000e-03
C8013	17405:99:-	14996	2	-4.184342e-05	1.754108e-03	6.300000e-03
C8013	17405:22:-	15073	1	1.219746e-05	1.771894e-03	5.400000e-03
C8013	17405:11:-	15084	0	1.797633e-04	2.103204e-03	7.400000e-03
C8013	17405:10:-	15085	0	1.797633e-04	4.288133e-03	5.900000e-03
C8013	17405:8:-	15087	1	-2.660115e-05	-1.386183e-03	5.200000e-03
C8023	17432:133:+	4973	2	-5.767075e-05	-4.670853e-03	5.000000e-03
C8023	17444:108:-	8515	2	1.465537e-06	-8.002273e-05	3.600000e-03
C8023	17446:92:-	9410	0	-4.749427e-05	-4.000984e-03	6.400000e-03
C8023	17446:81:-	9421	0	-6.676830e-06	2.699999e-03	5.700000e-03
C8023	17446:74:-	9428	2	-3.449574e-05	7.044743e-04	7.100000e-03
C8023	17445:71:+	9570	0	9.551078e-05	2.551755e-03	6.100000e-03
C8023	17445:107:+	9606	0	-3.090930e-05	-6.146109e-03	4.700000e-03
C8025	17452:97:-	1353	1	1.530530e-04	8.036649e-03	7.400000e-03
C8025	17452:95:-	1355	1	-1.181601e-05	-1.947100e-03	5.100000e-03
C8025	17452:78:-	1372	1	-8.527562e-06	1.091782e-02	5.400000e-03
C8071	17631:105:+	3467	2	-1.903028e-05	-1.617132e-03	6.600000e-03
C8083	17702:44:-	8546	1	-2.232965e-05	-2.214348e-04	8.700000e-03
C8083	17706:45:+	15568	1	5.634853e-05	-2.393520e-03	6.500000e-03
C8083	17706:108:+	15631	1	-3.628189e-06	-3.548185e-03	6.400000e-03
C8085	17716:61:-	10111	0	-3.294030e-05	-2.963196e-03	7.300000e-03
C8085	17716:52:-	10120	0	-4.611404e-06	-7.719880e-03	7.100000e-03
C8085	17716:41:-	10131	0	-1.049177e-05	2.973350e-03	6.500000e-03
C8099	17819:11:+	15116	2	-6.334125e-06	2.162747e-03	5.800000e-03
C8099	17819:28:+	15133	2	-6.334125e-06	1.374335e-03	6.600000e-03
C8099	17819:65:+	15170	2	-6.334125e-06	-3.028666e-03	4.800000e-03
C8099	17819:79:+	15184	2	-6.334125e-06	2.236835e-03	7.200000e-03
C8107	17842:63:-	2082	2	-3.004300e-05	8.587105e-04	6.700000e-03
C8143	18027:75:-	9378	0	-3.853662e-05	2.672846e-03	8.000000e-03
C8143	18027:40:-	9413	0	-3.853662e-05	-3.238688e-04	8.100000e-03
C8165	18124:68:-	11098	1	-1.661930e-05	2.158127e-05	5.300000e-03
C8171	18164:128:+	8217	2	-7.489559e-05	-2.186037e-03	5.400000e-03
C8173	18174:121:-	2977	0	-1.002604e-05	1.173210e-03	6.600000e-03
C8173	18174:22:-	3076	0	4.371145e-05	-1.681914e-02	4.900000e-03
C8199	18323:48:-	10380	2	-2.512167e-05	-1.123186e-03	3.900000e-03
C8199	18323:6:-	10422	2	-9.609606e-06	-3.247572e-04	6.600000e-03
C8203	18356:60:-	12059	1	6.122008e-06	5.330849e-03	4.600000e-03
C8229	18524:139:-	1203	0	-7.973367e-06	3.872952e-03	6.500000e-03
C8229	18524:82:-	1260	0	-2.709907e-05	2.227094e-03	6.800000e-03
C8233	18565:73:+	10268	0	9.343546e-05	1.579826e-02	7.600000e-03
C8243	18629:71:+	2387	0	-1.221574e-05	-8.488117e-03	4.900000e-03
C8243	18632:86:+	3440	1	-2.540189e-05	8.332556e-03	6.200000e-03
C8265	18730:68:-	11760	2	-3.355526e-05	-5.132047e-03	7.000000e-03
C8265	18730:47:-	11781	2	-3.355526e-05	-1.823062e-03	4.800000e-03
C8297	18841:73:-	15258	1	-1.937458e-05	-1.519309e-03	5.100000e-03
C8299	18857:132:-	12285	1	3.340597e-06	6.183336e-03	6.600000e-03
C8299	18857:20:-	12397	1	-3.741246e-05	-1.609722e-03	4.900000e-03
C8299	18859:114:-	13493	1	-2.359738e-05	3.064312e-03	5.100000e-03
C8309	18880:38:-	1812	1	-2.833051e-05	-5.079786e-03	6.000000e-03
C8309	18880:11:-	1839	1	-9.958066e-06	-4.742332e-03	6.600000e-03
C8309	18879:26:+	1873	1	-9.329561e-05	-8.279595e-03	5.800000e-03
C8309	18879:121:+	1968	1	1.002757e-04	2.247594e-03	5.200000e-03
C8311	18886:111:-	1233	2	1.592015e-05	1.992876e-03	7.300000e-03
C8311	18886:82:-	1262	2	1.592015e-05	-5.615891e-03	4.400000e-03
C8311	18886:79:-	1265	2	1.592015e-05	2.224115e-04	5.300000e-03
C8311	18886:74:-	1270	2	1.592015e-05	-5.537725e-03	6.900000e-03
C8311	18886:18:-	1326	1	3.145851e-06	-1.600253e-03	5.400000e-03
C8311	18886:5:-	1339	1	3.145851e-06	1.011644e-03	4.600000e-03
C8311	18893:39:+	14857	1	1.826087e-05	2.349846e-03	6.000000e-03
C8327	18955:129:-	3816	2	-6.226020e-05	-2.831850e-03	6.900000e-03
C8333	19013:107:+	15863	0	2.511040e-05	-2.180437e-03	6.700000e-03
C8343	19054:59:+	3429	0	-2.058767e-06	-1.827711e-01	2.550000e-02
C8347	19092:102:+	7481	0	-6.383302e-05	-2.200789e-03	4.400000e-03
C8351	19108:46:+	1367	1	-1.795087e-05	1.292705e-03	4.700000e-03
C8353	19146:53:-	13492	0	3.100844e-05	-4.644681e-04	3.400000e-03
C8363	19196:57:+	9526	0	1.385932e-04	3.657655e-03	6.700000e-03
C8365	19214:27:-	10099	2	-4.595631e-05	-2.026675e-03	6.100000e-03
C8367	19227:108:-	3974	1	1.149504e-05	5.979080e-03	5.500000e-03
C8367	19227:107:-	3975	1	-1.257060e-05	-1.113775e-03	5.800000e-03
C8371	19256:138:+	16875	2	-2.067610e-05	-9.334740e-04	5.100000e-03
C8373	19272:37:-	12859	1	-5.616994e-05	-3.485747e-03	5.900000e-03
C8373	19272:19:-	12877	0	-3.353523e-05	-2.077885e-03	4.900000e-03
C8377	19296:65:+	5862	1	-3.129875e-05	-6.989758e-03	6.300000e-03
C8377	19296:126:+	5923	1	-3.129875e-05	-2.915075e-03	5.200000e-03
C8377	19305:130:+	11527	2	4.125996e-06	3.875018e-03	5.400000e-03
C8385	19364:127:-	10348	2	-4.664936e-05	-1.058907e-04	4.100000e-03
C8389	19383:62:+	13225	2	3.403895e-05	2.684649e-03	5.400000e-03
C8393	19395:130:-	10401	2	-3.316113e-05	-1.941132e-03	6.200000e-03
C8423	19513:55:-	2860	2	-5.900758e-05	-2.525928e-03	5.500000e-03
C8443	19638:103:+	5764	0	2.838968e-05	6.511262e-03	4.900000e-03
C8443	19643:33:-	10871	1	-4.544063e-05	-2.967634e-03	4.800000e-03
C8447	19673:107:+	8799	0	-1.540525e-05	1.031365e-04	6.400000e-03
C8465	19725:69:+	6896	0	4.611964e-05	-2.759349e-03	7.100000e-03
C8465	19725:102:+	6929	0	-3.989686e-05	4.533351e-03	7.500000e-03
C8481	19814:95:+	6489	1	-1.692179e-06	-1.152955e-01	1.226000e-01
C8481	19827:96:+	18636	2	1.403941e-05	5.933978e-04	5.900000e-03
C8493	19874:138:+	1282	0	2.096855e-05	1.318552e-03	7.900000e-03
C8493	19878:109:+	3084	1	-6.756387e-05	-6.361490e-03	5.700000e-03
C8493	19878:132:+	3107	0	-6.120404e-06	-4.582535e-03	7.200000e-03
C8493	19878:139:+	3114	0	-6.120404e-06	-1.664460e-03	5.900000e-03
C8509	19946:33:+	589	1	-1.574655e-05	-4.447393e-03	5.100000e-03
C8509	19946:95:+	651	1	-3.613945e-05	-3.782164e-04	5.500000e-03
C8509	19961:87:+	13948	0	1.955556e-06	-1.068734e-03	6.800000e-03
C8509	19961:115:+	13976	0	-6.148337e-05	-2.643802e-03	4.600000e-03
C8509	19961:124:+	13985	0	-3.800212e-05	-2.388776e-03	7.100000e-03
C8511	19998:63:-	9442	1	-2.757571e-05	2.016692e-03	5.900000e-03
C8523	20092:18:+	7665	2	-1.290395e-05	-9.123595e-01	8.339000e-01
C8523	20092:138:+	7785	2	-5.385220e-06	-3.687967e-03	5.200000e-03
C8523	20097:124:-	8764	2	-2.569590e-05	-6.016844e-03	4.600000e-03
C8523	20097:106:-	8782	2	1.946573e-04	5.616846e-02	6.800000e-03
C8523	20097:45:-	8843	2	1.946573e-04	1.734333e-01	2.260000e-02
C8543	20217:41:-	13229	2	2.952421e-05	7.645466e-02	6.200000e-03
C8543	20219:10:-	16948	2	3.068274e-05	1.389582e-01	1.040000e-02
C8545	20226:78:+	2532	1	-4.523616e-05	-1.415822e-03	7.800000e-03
C8545	20226:94:+	2548	1	-8.511848e-06	-2.744592e-03	7.700000e-03
C8545	20226:121:+	2575	1	-2.027105e-05	-6.331091e-03	5.400000e-03
C8569	20345:15:-	8630	2	-1.498015e-05	1.686840e-03	6.800000e-03
C8579	20394:17:+	2808	2	-2.775182e-05	-6.636594e-04	4.900000e-03
C8579	20394:51:+	2842	2	-4.845117e-06	-2.389601e-03	5.700000e-03
C8589	20452:35:+	100	0	3.000858e-05	1.144453e-01	1.069000e-01
C8593	20466:96:-	11486	0	-5.576887e-05	-2.604770e-03	6.100000e-03
C8597	20476:93:+	457	2	2.056129e-05	-1.440044e-03	5.400000e-03
C8597	20493:123:+	17437	0	-4.722241e-05	3.555368e-03	9.520000e-02
C8615	20589:77:+	3634	0	-1.385692e-05	4.493460e-03	6.600000e-03
C8615	20600:110:-	13988	0	3.924686e-07	5.600318e-04	6.000000e-03
C8615	20600:70:-	14028	0	4.538645e-05	-3.934654e-03	4.700000e-03
C8633	20679:8:+	17153	0	-4.329575e-05	1.877539e-03	6.200000e-03
C8633	20679:26:+	17171	0	3.195578e-05	9.142118e-03	5.700000e-03
C8647	20751:13:-	4086	1	1.269418e-04	3.440479e-03	5.300000e-03
C8651	20771:130:+	11850	2	-1.394366e-05	-2.765509e-03	7.200000e-03
C8655	20801:68:+	13010	0	-3.668727e-05	-2.501397e-03	4.200000e-03
C8655	20801:123:+	13065	0	-9.426214e-06	-4.430401e-03	4.900000e-03
C8655	20805:7:+	17271	1	-1.453703e-05	-3.026447e-03	5.100000e-03
C8657	20832:41:-	8174	1	-5.849792e-05	-9.551964e-02	1.210000e-02
C8667	20872:83:+	7021	2	5.096760e-05	2.238170e-02	7.700000e-03
C8669	20880:19:+	14973	1	-2.955134e-05	-1.257701e-03	5.600000e-03
C8673	20905:108:+	18196	1	-3.132383e-05	-4.831567e-04	7.700000e-03
C8683	20949:37:+	1428	2	-4.313391e-05	-1.261168e-04	5.500000e-03
C8687	20978:84:-	4197	2	-1.562105e-05	3.770808e-03	8.500000e-03
C8691	21009:21:+	20768	1	-9.439559e-05	-3.995405e-04	5.600000e-03
C8705	21068:37:+	1163	2	1.296127e-06	3.471736e-04	7.700000e-03
C8705	21071:112:-	3154	2	-1.586741e-05	-4.867830e-03	6.800000e-03
C8715	21151:52:-	17494	0	2.868255e-05	9.287089e-04	6.100000e-03
C8715	21151:40:-	17506	0	-1.829845e-05	-1.436215e-03	6.300000e-03
C8717	21167:58:+	20267	1	-5.890248e-07	-1.484939e-04	6.200000e-03
C8717	21171:43:-	20619	2	-6.656613e-05	1.916516e-04	6.200000e-03
C8729	21220:133:-	936	1	1.237604e-05	5.234285e-03	4.700000e-03
C8731	21238:8:-	2255	2	7.207382e-06	-4.284840e-03	6.400000e-03
C8761	21348:69:+	3135	2	1.143676e-05	1.495440e-03	5.500000e-03
C8761	21362:128:-	16287	2	-3.241249e-05	-3.247335e-04	5.300000e-03
C8801	21583:40:-	21262	2	-3.977198e-05	-7.037616e-04	4.500000e-03
C8807	21616:52:+	18593	2	6.055814e-07	-4.422028e-03	3.500000e-03
C8817	21672:124:-	21069	0	4.109327e-05	3.410130e-03	4.400000e-03
C8817	21672:77:-	21116	0	2.162857e-06	-5.904611e-04	5.300000e-03
C8825	21710:8:+	670	0	-4.346068e-05	1.248268e-03	5.300000e-03
C8825	21713:106:-	3882	0	3.151094e-06	-1.033248e-03	4.600000e-03
C8825	21713:67:-	3921	0	-2.117952e-05	-3.242221e-03	5.600000e-03
C8829	21761:121:+	7071	1	-5.395219e-05	-4.472367e-03	5.800000e-03
C8829	21773:12:+	15954	0	8.997237e-05	-5.237396e-03	6.600000e-03
C8835	21799:27:+	14311	1	2.594395e-05	1.255754e-04	7.300000e-03
C8835	21799:36:+	14320	1	-3.601013e-05	-1.682181e-03	5.400000e-03
C8837	21811:98:-	7341	0	-4.613899e-05	-5.793009e-03	4.900000e-03
C8843	21877:80:+	16855	0	-1.002604e-05	3.910780e-03	8.000000e-03
C8849	21919:14:-	14727	0	-6.424343e-05	-7.730546e-04	6.000000e-03
C8853	21960:47:+	326	2	-6.466268e-05	-2.144923e-03	5.000000e-03
C8853	21960:64:+	343	2	-2.248108e-05	-1.470546e-02	6.700000e-03
C8853	21960:69:+	348	2	2.948560e-06	-3.723966e-03	5.100000e-03
C8853	21960:97:+	376	2	-7.139156e-05	-2.684752e-03	6.600000e-03
C8857	21993:98:+	3055	0	5.301152e-05	6.645098e-03	5.900000e-03
C8863	22037:113:+	11645	2	3.687422e-05	5.022906e-03	5.300000e-03
C8863	22037:121:+	11653	2	3.687422e-05	-1.635761e-03	7.000000e-03
C8889	22131:56:-	8742	1	-3.890371e-05	-7.916854e-04	6.100000e-03
C8897	22202:121:+	15760	0	-1.092799e-05	2.603972e-04	5.800000e-03
C8903	22249:76:+	4933	2	-8.943128e-06	1.377591e-03	6.800000e-03
C8903	22254:79:-	9248	2	1.735768e-05	5.970911e-03	5.800000e-03
C8903	22254:66:-	9261	2	-1.388320e-05	-4.493933e-03	5.900000e-03
C8909	22291:16:+	20166	2	-6.311471e-05	7.846583e-05	4.800000e-03
C8915	22331:56:-	19598	2	3.438669e-05	4.786031e-03	4.200000e-03
C8917	22338:98:-	459	0	-1.536461e-06	-2.288743e-03	7.400000e-03
C8917	22338:96:-	461	0	-1.651516e-05	3.104819e-03	3.800000e-03
C8917	22338:84:-	473	0	-1.651516e-05	-9.764077e-05	5.500000e-03
C8917	22338:72:-	485	0	-1.651516e-05	-1.145902e-03	5.700000e-03
C8917	22338:66:-	491	0	-1.651516e-05	-4.849795e-03	5.700000e-03
C8917	22338:57:-	500	0	-1.651516e-05	-1.164496e-03	6.600000e-03
C8917	22338:51:-	506	0	-1.651516e-05	6.817039e-04	6.000000e-03
C8917	22338:32:-	525	0	-1.651516e-05	-4.782461e-03	7.000000e-03
C8917	22338:16:-	541	0	-1.651516e-05	7.896047e-03	7.900000e-03
C8917	22338:10:-	547	0	-1.651516e-05	-4.091901e-04	7.100000e-03
C8927	22424:53:-	8832	2	-2.320445e-05	-3.151005e-03	6.800000e-03
C8955	22543:126:-	18482	0	5.454230e-05	1.068460e-03	5.100000e-03
C8955	22543:102:-	18506	0	5.454230e-05	1.117848e-03	8.000000e-03
C8955	22543:60:-	18548	0	5.454230e-05	-2.701695e-04	6.100000e-03
C8955	22543:21:-	18587	0	5.454230e-05	3.512456e-04	6.700000e-03
C8955	22543:6:-	18602	0	5.454230e-05	7.887809e-03	5.600000e-03
C8959	22572:42:+	22866	1	5.248331e-05	1.586814e-03	5.300000e-03
C8971	22610:30:+	22587	2	1.179977e-05	1.057896e-04	6.400000e-03
C8983	22670:94:-	3914	1	-3.288253e-05	6.809156e-04	6.200000e-03
C8983	22670:57:-	3951	2	1.525492e-04	9.219245e-03	5.800000e-03
C8991	22735:123:-	18996	0	-1.919187e-05	-1.497198e-03	6.100000e-03
C8991	22735:80:-	19039	2	4.237495e-05	-5.304515e-04	6.400000e-03
C9011	22893:39:-	11029	2	-1.728092e-05	-5.753338e-03	6.200000e-03
C9033	23001:84:-	13713	0	-9.650128e-07	-3.837545e-04	6.200000e-03
C9033	23001:72:-	13725	0	-1.390179e-05	4.397801e-04	5.100000e-03
C9043	23056:16:-	9593	2	-3.202214e-05	2.439983e-03	6.200000e-03
C9045	23071:88:-	14606	1	1.249690e-04	5.230463e-04	6.800000e-03
C9049	23104:78:-	4813	2	-4.588581e-05	-7.945215e-03	5.800000e-03
C9057	23175:122:-	14670	0	5.861615e-05	-6.961508e-04	7.500000e-03
C9061	23199:112:-	1806	0	2.241692e-05	5.132616e-03	6.100000e-03
C9061	23199:34:-	1884	0	-3.205017e-05	7.824240e-03	3.300000e-03
C9061	23199:19:-	1899	0	2.241692e-05	1.025007e-04	5.100000e-03
C9067	23267:74:-	18405	2	2.451381e-05	-4.398156e-03	4.100000e-03
C9067	23266:84:+	18560	1	-9.397579e-06	-4.498029e-03	4.200000e-03
C9095	23419:12:-	5991	1	-2.412044e-05	4.634226e-04	5.600000e-03
C9099	23462:112:+	1158	2	-5.173250e-05	-1.629700e-04	5.600000e-03
C9099	23462:118:+	1164	2	8.835475e-05	2.660233e-02	2.330000e-02
C9099	23475:113:-	15416	0	-2.934469e-05	-1.036694e-03	8.100000e-03
C9101	23503:19:+	15153	2	-2.067610e-05	8.610067e-04	6.300000e-03
C9107	23545:49:+	26178	1	1.841042e-05	-6.539337e-03	6.300000e-03
C9107	23545:96:+	26225	1	-1.327551e-05	-8.341972e-04	3.700000e-03
C9123	23658:58:+	19100	2	5.430450e-05	3.310407e-03	6.400000e-03
C9123	23658:98:+	19140	2	6.343474e-06	-5.042502e-03	5.800000e-03
C9127	23677:35:-	22666	1	-5.745864e-06	-2.719474e-03	3.200000e-03
C9141	23775:115:-	16379	2	-2.312260e-05	2.030218e-03	5.600000e-03
C9145	23830:118:-	24842	1	4.203038e-06	2.096955e-04	5.900000e-03
C9145	23830:98:-	24862	2	-3.225242e-05	-7.335345e-03	4.600000e-03
C9149	23864:109:-	24087	2	1.624735e-05	-1.858417e-03	5.000000e-03
C9173	24010:134:-	22274	2	-2.335470e-05	6.404926e-03	5.200000e-03
C9175	24028:23:-	27228	1	-1.432358e-05	-2.494065e-03	4.400000e-03
C9193	24163:105:-	23426	2	-2.305422e-05	-2.834901e-03	5.700000e-03
C9213	24344:135:+	4827	2	-2.918464e-05	-2.536644e-03	5.400000e-03
C9215	24413:126:-	25582	2	-2.067610e-05	2.524653e-03	7.100000e-03
C9217	24437:76:+	20584	0	-1.919187e-05	2.153164e-03	4.500000e-03
C9217	24437:111:+	20619	0	-2.735484e-05	1.242372e-04	6.600000e-03
C9217	24444:90:-	25271	1	-7.946483e-06	-2.268816e-03	5.300000e-03
C9219	24454:138:+	1792	1	-1.547875e-05	-4.620025e-04	6.600000e-03
C9223	24486:55:+	17265	2	-2.642653e-05	-1.026007e-02	8.600000e-03
C9223	24486:59:+	17269	2	2.966595e-05	3.545712e-03	5.200000e-03
C9235	24565:66:+	20424	0	-3.353523e-05	2.045847e-03	5.500000e-03
C9239	24625:29:+	25308	0	5.942146e-06	-4.910333e-04	5.800000e-03
C9249	24659:128:+	19225	0	-5.360000e-05	-2.379554e-03	7.000000e-03
C9249	24659:130:+	19227	0	-7.760176e-05	-5.862882e-01	8.723000e-01
C9249	24665:90:-	22231	1	-1.361387e-05	2.433346e-03	6.700000e-03
C9251	24676:32:+	14896	2	-2.067610e-05	-8.346914e-05	8.600000e-03
C9255	24707:40:+	5969	1	-4.116810e-05	-1.454113e-02	7.200000e-03
C9263	24767:120:-	13403	1	-1.246803e-05	-9.918909e-03	6.000000e-03
C9269	24800:92:+	8815	2	5.352941e-06	-2.719593e-03	4.900000e-03
C9271	24830:91:-	1256	1	1.448565e-06	7.722921e-04	8.400000e-03
C9271	24830:77:-	1270	1	-4.842387e-05	-4.533883e-03	6.700000e-03
C9271	24830:71:-	1276	1	-4.842387e-05	-5.020258e-03	6.400000e-03
C9273	24865:24:-	25436	1	1.417163e-05	1.285631e-03	4.600000e-03
C9281	24927:91:+	222	1	-2.698085e-05	-5.716442e-03	6.200000e-03
C9281	24933:60:+	6609	1	3.504542e-05	-5.909300e-05	7.700000e-03
C9281	24933:110:+	6659	1	2.299436e-05	-3.773230e-03	7.700000e-03
C9281	24937:116:-	16822	2	-1.102120e-05	-8.654109e-04	7.500000e-03
C9291	25025:112:-	6664	1	-1.927669e-05	-3.906133e-03	5.800000e-03
C9291	25025:99:-	6677	1	-2.228842e-05	1.340340e-03	7.400000e-03
C9311	25157:8:+	5736	1	-2.250043e-05	-1.985634e-04	4.800000e-03
C9311	25157:36:+	5764	1	-2.316232e-05	-5.346191e-03	4.100000e-03
C9311	25157:39:+	5767	1	-2.908651e-05	-1.578748e-03	6.700000e-03
C9315	25174:119:+	430	2	1.812590e-05	-1.556728e-03	5.100000e-03
C9315	25191:32:+	24007	0	2.329971e-05	2.230628e-03	7.600000e-03
C9315	25191:46:+	24021	1	2.021909e-05	2.842354e-03	6.600000e-03
C9317	25209:138:-	15133	2	4.052054e-05	8.312080e-03	3.100000e-03
C9323	25261:118:-	5669	0	-1.843258e-05	-5.320273e-03	5.200000e-03
C9323	25261:59:-	5728	0	-3.316570e-05	-3.333466e-04	5.700000e-03
C9327	25310:115:+	12295	0	4.862992e-06	1.092473e-04	7.700000e-03
C9329	25336:107:+	11566	1	-2.057134e-05	-1.151067e-03	7.500000e-03
C9335	25373:104:-	24076	0	8.992087e-09	-1.879984e-03	5.400000e-03
C9335	25373:25:-	24155	0	5.217795e-05	-1.126441e-03	6.000000e-03
C9339	25430:100:-	27488	0	-4.496439e-05	4.632543e-03	6.800000e-03
C9345	25482:26:-	1301	0	1.332703e-05	4.152970e-04	6.800000e-03
C9347	25525:87:+	26087	2	3.925586e-05	3.415094e-03	5.600000e-03
C9349	25531:96:-	6962	2	-2.067610e-05	-5.465099e-04	6.900000e-03
C9349	25537:39:+	18332	1	1.713368e-04	5.740813e-03	6.000000e-03
C9357	25622:14:+	20907	1	-3.439167e-05	-4.781125e-03	7.200000e-03
C9361	25673:19:+	29165	2	-1.911771e-05	-6.870863e-04	7.200000e-03
C9377	25786:58:+	9436	2	-1.556355e-05	5.833246e-03	5.800000e-03
C9377	25786:83:+	9461	2	1.269801e-06	-1.557153e-03	6.900000e-03
C9377	25796:95:+	22790	2	4.699095e-07	7.004115e-04	6.300000e-03
C9381	25826:47:-	11565	2	-1.977216e-05	5.393476e-03	5.800000e-03
C9383	25868:106:+	27544	1	4.597140e-05	6.377982e-03	5.200000e-03
C9391	25910:82:+	799	1	-1.834475e-05	-8.775420e-03	3.500000e-03
C9391	25931:20:+	20019	1	-2.489790e-05	1.721856e-03	6.300000e-03
C9391	25931:90:+	20089	1	-2.035328e-06	-6.114441e-03	3.000000e-03
C9391	25937:120:-	31823	1	-5.149219e-05	-3.743590e-03	7.200000e-03
C9397	25996:63:-	8741	2	4.966342e-05	-9.509849e-04	5.300000e-03
C9397	26022:11:-	28433	1	4.942137e-05	9.072789e-01	8.351000e-01
C9399	26031:48:-	6129	1	6.777458e-06	4.368455e-03	5.400000e-03
C9401	26083:58:+	30008	1	-5.314932e-05	-4.850101e-03	7.400000e-03
C9405	26090:90:-	6927	1	1.310608e-05	-4.116276e-03	5.600000e-03
C9405	26100:136:+	12031	0	-3.763283e-05	-8.747762e-03	5.800000e-03
C9411	26151:129:-	20822	1	-1.964931e-05	4.137048e-03	4.400000e-03
C9411	26151:25:-	20926	1	3.650407e-05	-1.689384e-03	6.700000e-03
C9411	26161:20:+	31873	1	8.267856e-06	-3.691652e-03	4.500000e-03
C9411	26161:26:+	31879	1	1.070351e-05	1.428878e-03	7.400000e-03
C9425	26297:23:+	27263	1	2.865217e-05	3.878180e-03	7.900000e-03
C9425	26297:129:+	27369	0	-5.076035e-05	-1.550806e-03	5.800000e-03
C9431	26325:139:+	3153	0	2.718454e-05	5.139758e-03	5.900000e-03
C9433	26355:82:+	8838	2	2.411801e-05	-3.851930e-03	6.700000e-03
C9433	26355:95:+	8851	2	-1.323082e-05	-4.982492e-03	6.100000e-03
C9439	26414:36:-	27790	0	-1.032821e-05	5.156936e-03	4.300000e-03
C9447	26486:53:+	16086	0	4.095137e-05	3.004550e-03	4.700000e-03
C9447	26486:72:+	16105	1	-8.214446e-06	1.309965e-02	4.700000e-03
C9447	26494:43:-	24367	0	-3.046822e-05	1.367688e-03	6.000000e-03
C9451	26540:57:+	17704	2	6.474251e-06	5.152134e-03	5.200000e-03
C9453	26553:106:-	10412	1	-3.727489e-06	2.982400e-03	4.900000e-03
C9453	26553:71:-	10447	1	-9.592365e-06	-3.847125e-03	6.000000e-03
C9453	26567:12:+	23585	1	-1.222109e-05	-5.391980e-03	4.700000e-03
C9453	26567:110:+	23683	1	-2.772787e-05	-3.064868e-03	5.300000e-03
C9455	26604:42:-	29923	0	3.041420e-05	-6.597102e-03	5.200000e-03
C9467	26727:56:-	22569	2	-2.769610e-05	-5.951781e-03	6.100000e-03
C9477	26769:71:+	8722	1	-3.348511e-05	1.451074e-03	7.500000e-03
C9477	26769:137:+	8788	1	5.010740e-05	7.407209e-03	6.300000e-03
C9481	26802:43:+	10267	1	4.495727e-06	5.205147e-03	5.800000e-03
C9481	26802:142:+	10366	1	4.495727e-06	2.533767e-01	4.320000e-02
C9481	26820:70:-	28908	1	9.291079e-05	-2.445058e-03	7.200000e-03
C9481	26821:51:+	33240	1	-3.809363e-05	-4.363424e-03	7.000000e-03
C9481	26821:65:+	33254	1	9.493667e-05	-3.504647e-04	6.200000e-03
C9487	26865:65:-	32457	2	3.543781e-05	3.794600e-03	3.400000e-03
C9487	26865:52:-	32470	2	-4.277038e-05	-4.117180e-03	4.700000e-03
C9487	26865:25:-	32497	2	-5.426817e-06	-5.571760e-03	7.200000e-03
C9499	26963:87:+	10366	1	-1.884563e-05	-1.519825e-03	6.700000e-03
C9501	26983:97:-	383	1	5.760858e-07	4.377926e-03	5.000000e-03
C9501	26996:130:-	11361	2	3.472138e-05	2.016963e-03	5.800000e-03
C9501	26996:69:-	11422	0	-1.919187e-05	1.485380e-03	9.500000e-03
C9501	27010:121:+	25211	0	-1.919187e-05	3.991983e-03	5.800000e-03
C9507	27036:19:+	13174	2	-9.448414e-06	3.068829e-03	5.300000e-03
C9519	27115:43:+	1882	2	-2.290380e-06	-3.840231e-03	4.400000e-03
C9519	27121:106:-	16948	2	-1.174122e-05	6.796221e-03	4.900000e-03
C9519	27122:134:-	17830	1	-1.691989e-05	-2.392893e-03	5.800000e-03
C9519	27122:26:-	17938	0	-4.792877e-05	4.868578e-04	6.200000e-03
C9519	27122:17:-	17947	1	3.199315e-05	-2.154383e-03	7.900000e-03
C9523	27137:128:+	14135	0	-1.411249e-06	1.051050e-03	5.700000e-03
C9525	27186:106:+	34608	0	1.714474e-05	-3.732971e-03	4.700000e-03
C9527	27189:59:+	3743	2	3.019085e-05	6.100063e-03	4.600000e-03
C9527	27195:104:-	9877	0	-2.248991e-05	-2.397788e-03	6.100000e-03
C9527	27201:37:-	25461	2	1.943814e-04	5.181831e-03	7.200000e-03
C9527	27201:5:-	25493	2	-1.963391e-05	-1.782665e-03	6.600000e-03
C9529	27214:132:+	2256	2	5.959033e-05	3.941056e-03	4.800000e-03
C9529	27236:47:+	22830	2	1.524786e-05	2.521078e-03	6.800000e-03
C9529	27240:122:+	32384	1	-3.196109e-05	5.159976e-04	5.900000e-03
C9537	27290:11:+	28793	0	-8.946099e-06	-2.020699e-04	6.300000e-03
C9537	27290:61:+	28843	0	5.185127e-06	1.060636e-02	5.900000e-03
C9545	27321:128:+	23134	2	6.134548e-05	2.671248e-03	8.100000e-03
C9549	27343:41:+	13242	2	-2.391882e-05	-1.488603e-02	9.700000e-03
C9553	27359:47:-	2691	0	-1.306311e-05	-1.913828e-03	4.400000e-03
C9553	27360:61:+	3190	2	4.904402e-05	-6.186459e-03	5.000000e-03
C9559	27468:118:-	13632	1	6.385763e-05	3.420869e-03	4.800000e-03
C9559	27468:106:-	13644	2	4.467117e-05	1.424781e-02	3.700000e-03
C9559	27468:92:-	13658	1	3.265923e-05	8.960207e-04	4.800000e-03
C9569	27602:96:+	29052	1	5.517222e-05	1.686645e-03	4.200000e-03
C9569	27602:113:+	29069	1	-1.960268e-05	-4.647333e-03	6.300000e-03
C9575	27673:45:-	1713	0	-1.919187e-05	-9.688647e-04	6.700000e-03
C9575	27672:70:+	1825	2	5.468138e-06	-1.451475e-03	7.500000e-03
C9579	27768:80:-	18096	1	4.703075e-05	3.638495e-03	5.400000e-03
C9579	27768:34:-	18142	1	-3.026468e-05	-2.573627e-03	5.900000e-03
C9579	27768:12:-	18164	1	4.312367e-05	1.935078e-02	8.000000e-03
C9579	27778:14:-	25292	2	5.560869e-05	-4.785879e-04	5.800000e-03
C9579	27778:9:-	25297	2	3.892543e-05	2.280464e-02	7.300000e-03
C9581	27808:90:+	26292	0	1.252994e-04	4.914418e-03	5.200000e-03
C9581	27808:116:+	26318	0	-5.978786e-05	-5.107785e-04	6.900000e-03
C9593	27873:38:-	4566	1	2.658994e-05	4.849762e-03	6.500000e-03
C9597	27938:28:-	32048	1	-1.002911e-04	-9.310746e-03	5.700000e-03
C9597	27938:10:-	32066	1	5.232037e-05	3.682344e-03	7.100000e-03
C9599	27954:19:+	16729	2	-4.227931e-05	2.127863e-04	3.000000e-03
C9601	28015:56:-	36386	1	1.430537e-05	2.624857e-03	7.600000e-03
C9603	28024:23:-	8353	0	2.512876e-05	-5.574596e-03	6.000000e-03
C9607	28070:51:+	13758	0	-1.098107e-05	-7.742683e-04	6.300000e-03
C9607	28070:60:+	13767	0	2.066384e-05	-1.809578e-03	6.900000e-03
C9609	28091:126:+	12536	1	7.998396e-06	4.021850e-03	5.100000e-03
C9609	28095:135:-	15998	0	-1.114919e-05	4.561439e-03	5.800000e-03
C9609	28095:12:-	16121	1	-4.153821e-05	-5.912537e-03	5.200000e-03
C9611	28114:63:-	100	2	-7.312128e-05	1.707441e-03	5.600000e-03
C9611	28114:5:-	158	2	-6.079827e-05	3.899207e-03	6.700000e-03
C9613	28177:13:-	39251	1	-1.013082e-04	-5.355699e-04	6.500000e-03
C9615	28212:125:-	33192	1	-3.448062e-05	-9.577854e-03	7.300000e-03
C9615	28212:30:-	33287	1	-2.987667e-06	3.315220e-04	7.000000e-03
C9617	28234:28:-	21599	2	-1.369997e-05	-3.915777e-03	7.000000e-03
C9617	28234:16:-	21611	2	9.989764e-05	1.241603e-03	5.800000e-03
C9619	28264:102:-	15508	1	-5.849847e-06	-7.303168e-03	5.100000e-03
C9619	28264:91:-	15519	1	-5.849847e-06	-9.475790e-03	5.300000e-03
C9619	28264:39:-	15571	1	-5.849847e-06	-1.466226e-02	6.900000e-03
C9619	28264:7:-	15603	1	-5.849847e-06	-1.707872e-03	5.400000e-03
C9623	28306:136:-	11647	1	-1.170768e-05	-1.894826e-03	4.400000e-03
C9623	28306:37:-	11746	1	7.975803e-05	1.326878e-01	8.297000e-01
C9627	28350:22:+	8569	0	-1.001496e-05	-7.582940e-04	5.400000e-03
C9627	28350:52:+	8599	0	-2.198603e-05	-3.618673e-03	6.000000e-03
C9627	28350:131:+	8678	0	-2.198603e-05	-1.908563e-03	5.200000e-03
C9631	28373:134:+	10726	0	-3.353523e-05	5.937644e-03	5.500000e-03
C9639	28483:65:+	24249	1	-1.034829e-05	-1.244159e-04	6.400000e-03
C9639	28512:135:+	38424	1	-1.935862e-05	-1.763119e-03	5.300000e-03
C9651	28616:42:+	29072	0	-3.664909e-05	2.239111e-03	7.600000e-03
C9651	28628:25:-	38083	2	-4.969135e-05	-3.346246e-03	4.300000e-03
C9651	28629:113:+	39684	0	-1.527906e-05	-2.142916e-03	5.600000e-03
C9663	28727:107:-	3067	1	-1.032697e-05	-2.748283e-03	5.600000e-03
C9665	28759:38:-	243	1	-1.945942e-05	3.313458e-03	6.200000e-03
C9669	28858:133:-	28591	1	-1.349542e-04	-8.159914e-03	6.500000e-03
C9669	28858:98:-	28626	1	3.074773e-05	1.154311e-02	4.600000e-03
C9675	28907:125:-	104	2	-2.649700e-05	5.888534e-03	6.500000e-03
C9675	28914:118:+	18818	0	3.258523e-06	-4.015944e-03	7.700000e-03
C9693	29090:6:+	4590	1	-2.748176e-05	1.437485e-03	7.300000e-03
C9693	29090:82:+	4666	1	-2.484161e-05	-1.121006e-03	4.900000e-03
C9693	29097:70:-	6521	0	-2.977426e-05	-9.034686e-03	5.400000e-03
C9693	29105:78:-	11946	1	-2.573728e-05	-2.117071e-03	6.000000e-03
C9709	29321:90:+	4251	2	5.104479e-05	5.710241e-01	4.260000e-02
C9709	29339:76:+	30607	0	-1.474550e-05	3.708444e-03	5.500000e-03
C9713	29387:87:+	38840	2	3.884157e-05	2.374380e-03	6.500000e-03
C9719	29462:131:-	17577	2	-3.863581e-05	-2.563889e-03	5.400000e-03
C9731	29730:45:+	28327	2	4.146046e-06	-9.913539e-04	4.900000e-03
C9731	29730:130:+	28412	2	5.167746e-06	-2.338717e-03	9.100000e-03
C9731	29742:13:+	34374	1	-2.489790e-05	3.289761e-03	7.200000e-03
C9731	29749:88:-	38359	2	-6.030403e-05	6.187637e-05	7.100000e-03
C9737	29808:101:-	26819	1	-5.252579e-05	-4.775556e-03	6.600000e-03
C9739	29837:14:+	723	1	1.085758e-05	1.387232e-03	6.500000e-03
C9739	29840:88:-	1006	2	1.610118e-05	-7.875649e-05	6.200000e-03
C9739	29848:101:+	5430	0	3.210541e-06	2.203615e-03	4.400000e-03
C9739	29848:117:+	5446	0	2.081038e-05	-3.002789e-02	2.560000e-02
C9741	29896:71:+	2055	1	1.033675e-05	-8.519854e-03	7.200000e-03
C9741	29896:94:+	2078	0	4.071469e-05	-1.115738e-03	5.300000e-03
C9741	29896:102:+	2086	0	-3.415388e-05	-9.480187e-04	5.100000e-03
C9741	29926:25:+	35144	2	-1.977216e-05	-5.719609e-03	5.600000e-03
C9741	29926:71:+	35190	2	-5.418029e-05	-2.565144e-03	5.700000e-03
C9745	29956:39:-	19749	0	-2.051239e-05	-3.583364e-03	5.100000e-03
C9751	30059:100:-	17994	2	-1.822551e-05	-1.768023e-03	4.400000e-03
C9753	30080:115:+	2898	1	6.315270e-05	9.449655e-04	5.200000e-03
C9761	30165:97:+	17591	1	1.924488e-05	1.908508e-03	8.700000e-03
C9761	30172:103:-	27641	0	3.214438e-05	2.244903e-03	4.000000e-03
C9761	30183:14:+	43499	2	-1.537026e-05	-3.287560e-04	6.600000e-03
C9765	30203:66:+	11713	1	1.598463e-06	-2.518088e-04	5.400000e-03
C9765	30211:135:+	27036	2	-2.631597e-06	-2.317165e-04	6.900000e-03
C9769	30261:39:-	10164	0	1.794254e-05	-2.407460e-03	5.100000e-03
C9769	30261:20:-	10183	0	-3.160010e-05	2.856865e-03	6.000000e-03
C9775	30387:124:-	12600	0	-2.733930e-06	-1.454518e-03	5.800000e-03
C9775	30387:16:-	12708	0	-8.113206e-06	-5.986527e-04	7.100000e-03
C9777	30437:92:-	39989	0	2.562115e-05	-3.110960e-03	4.400000e-03
C9777	30437:35:-	40046	1	5.467257e-06	6.292072e-03	4.600000e-03
C9777	30437:8:-	40073	2	3.421337e-06	7.989762e-03	6.900000e-03
C9779	30467:24:+	16816	2	2.053676e-05	1.171678e-03	4.800000e-03
C9781	30489:98:-	9744	2	-3.466660e-05	8.140199e-05	5.200000e-03
C9781	30500:136:+	27437	1	-1.591646e-05	2.263156e-03	7.800000e-03
C9781	30513:117:-	40679	1	-1.956053e-05	-5.900368e-03	4.800000e-03
C9781	30513:76:-	40720	1	9.013704e-05	-8.943706e-04	5.700000e-03
C9781	30513:13:-	40783	1	-1.061976e-05	-5.017931e-03	8.200000e-03
C9785	30522:65:-	14405	1	6.707055e-05	2.623929e-03	5.900000e-03
C9789	30589:30:-	14518	0	-1.878046e-05	-2.366468e-03	5.400000e-03
C9789	30602:34:+	45621	2	-5.226654e-06	3.952899e-05	5.900000e-03
C9789	30602:50:+	45637	2	-5.226654e-06	-1.509138e-03	7.800000e-03
C9789	30602:74:+	45661	2	-5.226654e-06	-1.398688e-03	4.500000e-03
C9789	30602:83:+	45670	2	-5.226654e-06	6.345126e-03	5.000000e-03
C9789	30602:90:+	45677	2	-5.226654e-06	-3.226194e-03	4.600000e-03
C9789	30602:92:+	45679	2	-5.226654e-06	2.916159e-03	7.200000e-03
C9803	30741:68:+	24332	1	1.454438e-05	-2.166607e-03	5.700000e-03
C9803	30741:69:+	24333	1	-7.732012e-05	-5.947749e-03	5.900000e-03
C9803	30751:92:+	30648	1	-1.766144e-05	4.818595e-02	1.260000e-02
C9805	30769:68:+	2175	2	8.594160e-05	-3.734178e-03	6.000000e-03
C9823	31005:7:+	19419	0	-1.362504e-05	-2.831484e-03	3.900000e-03
C9823	31016:35:-	26891	2	-1.522866e-05	4.705310e-03	6.000000e-03
C9823	31027:80:-	36849	1	2.901025e-05	3.993410e-03	6.300000e-03
C9823	31027:79:-	36850	1	2.901025e-05	6.276378e-03	7.000000e-03
C9831	31189:62:-	51927	0	-1.919187e-05	-1.095603e-04	9.700000e-03
C9831	31189:39:-	51950	0	1.309263e-04	7.995846e-02	4.960000e-02
C9833	31196:66:+	11782	2	2.199751e-05	8.591481e-03	4.300000e-03
C9845	31373:63:+	1326	1	-1.364350e-05	1.161319e-03	5.400000e-03
C9847	31427:137:-	54322	1	1.591131e-06	-4.378481e-04	5.900000e-03
C9849	31454:64:-	41485	1	3.528091e-05	1.213366e-02	7.000000e-03
C9849	31463:45:+	54078	0	-8.760483e-06	-3.213262e-03	4.500000e-03
C9853	31497:116:+	568	2	5.483677e-05	7.512337e-03	5.200000e-03
C9853	31501:93:+	6165	1	-1.377714e-04	-5.227324e-02	2.190000e-02
C9855	31531:109:+	873	1	-5.485078e-05	6.708286e-04	4.900000e-03
C9855	31531:127:+	891	2	1.243345e-04	4.685512e-03	8.000000e-03
C9855	31547:111:+	33391	2	-3.670131e-05	3.827350e-03	4.600000e-03
C9857	31572:68:+	13849	1	9.511818e-05	-2.836230e-03	7.600000e-03
C9863	31699:22:+	31203	2	-1.799021e-05	1.163260e-03	6.100000e-03
C9863	31710:49:+	48811	1	-1.926130e-05	-1.213729e-01	7.170000e-02
C9865	31728:122:-	13194	1	-7.746848e-06	-5.001699e-03	6.500000e-03
C9865	31728:43:-	13273	1	1.102736e-05	2.300797e-03	3.200000e-03
C9867	31792:39:-	38517	1	-3.707099e-06	-5.915696e-03	6.500000e-03
C9867	31792:33:-	38523	1	-3.707099e-06	-2.072905e-03	7.700000e-03
C9873	31861:13:-	25954	0	7.252376e-05	-1.886818e-04	5.000000e-03
C9875	31894:94:+	15849	2	2.755705e-05	8.233957e-04	7.000000e-03
C9881	31980:8:+	12406	2	-3.004818e-05	2.308142e-03	6.200000e-03
C9881	31980:80:+	12478	2	-7.841135e-06	-1.053080e-03	6.800000e-03
C9881	31986:55:+	20177	2	8.257794e-05	1.411712e-02	6.000000e-03
C9881	32021:74:+	45101	1	2.126630e-04	1.055621e-02	5.600000e-03
C9895	32050:80:-	24184	0	-1.601123e-05	-6.108390e-04	6.600000e-03
C9895	32050:39:-	24225	0	-1.125438e-05	1.200226e-04	5.900000e-03
C9897	32114:24:+	32053	0	-1.860411e-05	-5.922682e-03	4.600000e-03
C9899	32149:11:-	22478	0	7.566335e-06	1.204444e-03	6.200000e-03
C9899	32155:57:+	41907	2	-1.443106e-05	-3.464211e-03	6.500000e-03
C9901	32175:90:-	3299	1	-2.619102e-05	-4.726524e-03	6.900000e-03
C9913	32320:100:+	46044	2	-6.673421e-06	-1.125609e-03	6.600000e-03
C9913	32320:136:+	46080	2	-2.132671e-05	2.032015e-03	6.000000e-03
C9913	32320:139:+	46083	2	9.103345e-05	-3.266761e-03	5.600000e-03
C9913	32329:82:+	53772	1	1.514661e-05	2.486067e-06	5.500000e-03
C9913	32329:127:+	53817	1	-4.172479e-05	-2.436458e-03	6.800000e-03
C9915	32374:36:+	39631	0	-7.721136e-07	-6.027680e-03	4.700000e-03
C9915	32374:131:+	39726	0	2.571406e-06	-4.757441e-03	4.700000e-03
C9915	32393:81:+	55639	1	-3.601269e-05	-4.375110e-03	6.300000e-03
C9919	32441:11:+	2296	2	1.188851e-04	4.211689e-03	6.500000e-03
C9919	32441:23:+	2308	2	1.188851e-04	2.198796e-03	5.300000e-03
C9919	32441:25:+	2310	2	1.188851e-04	2.503809e-03	7.600000e-03
C9919	32441:66:+	2351	2	1.188851e-04	8.278684e-04	5.900000e-03
C9919	32441:76:+	2361	2	1.188851e-04	2.176252e-03	7.100000e-03
C9919	32441:137:+	2422	2	1.188851e-04	3.019506e-03	6.300000e-03
C9919	32443:32:-	3137	0	-2.334932e-05	2.713696e-03	5.200000e-03
C9919	32466:53:-	16902	1	1.084549e-04	5.379164e-03	6.800000e-03
C9919	32501:19:+	55913	1	2.282051e-05	4.536964e-03	4.600000e-03
C9919	32501:32:+	55926	1	2.282051e-05	-4.076379e-03	3.700000e-03
C9919	32501:127:+	56021	1	2.282051e-05	-4.165949e-03	6.000000e-03
C9923	32524:37:+	22264	2	4.786010e-05	1.053051e-03	5.800000e-03
C9923	32524:70:+	22297	2	4.786010e-05	-1.888138e-03	6.700000e-03
C9923	32524:78:+	22305	2	4.786010e-05	-1.099018e-03	5.000000e-03
C9923	32524:84:+	22311	2	4.786010e-05	5.264433e-03	5.100000e-03
C9923	32524:90:+	22317	2	-4.015413e-06	3.798908e-04	6.900000e-03
C9923	32524:105:+	22332	2	4.786010e-05	-3.804469e-03	5.500000e-03
C9923	32524:112:+	22339	2	5.415758e-05	-5.524350e-03	6.300000e-03
C9923	32537:67:-	26360	2	-3.784053e-06	1.997100e-04	7.000000e-03
C9923	32537:35:-	26392	2	-3.517170e-05	8.598766e-04	5.800000e-03
C9929	32619:52:-	26401	0	1.589150e-05	1.223145e-02	8.900000e-03
C9931	32659:100:-	31765	2	1.394321e-05	-3.749210e-04	6.600000e-03
C9931	32659:88:-	31777	2	1.394321e-05	8.886715e-04	5.200000e-03
C9931	32659:57:-	31808	2	1.394321e-05	-2.217319e-03	7.100000e-03
C9931	32659:30:-	31835	2	1.394321e-05	9.221305e-04	5.000000e-03
C9931	32672:21:+	62313	2	-1.290395e-05	-2.163347e-03	7.400000e-03
C9931	32672:73:+	62365	2	1.925788e-06	5.334338e-03	5.400000e-03
C9933	32698:81:+	17934	1	-5.980844e-06	-7.065650e-02	1.550000e-02
C9933	32723:109:+	47748	2	-3.025277e-05	-2.263946e-03	7.000000e-03
C9935	32750:74:-	18712	2	8.032179e-05	3.430214e-04	5.300000e-03
C9935	32750:14:-	18772	2	-7.640469e-05	1.333192e-03	6.700000e-03
C9935	32789:126:-	50823	0	-5.833166e-05	-1.530561e-03	7.100000e-03
C9935	32789:121:-	50828	0	-8.877595e-05	-1.340541e-02	6.900000e-03
C9935	32789:11:-	50938	0	-8.877595e-05	-7.398772e-03	7.400000e-03
C9937	32812:43:+	10359	2	-3.025678e-05	3.869536e-03	6.200000e-03
C9939	32842:18:-	7782	2	-8.297380e-06	1.652637e-03	4.700000e-03
C9941	32929:64:-	43732	1	5.688594e-06	-1.602941e-03	9.500000e-03
C9941	32958:137:-	62256	2	-2.053436e-05	-3.849844e-03	4.900000e-03
C9941	32958:111:-	62282	2	-2.053436e-05	-4.228246e-03	8.600000e-03
C9941	32958:94:-	62299	2	-2.053436e-05	1.036447e-03	6.400000e-03
C9941	32958:62:-	62331	2	-2.053436e-05	-1.004359e-04	6.400000e-03
C9941	32958:55:-	62338	2	-2.053436e-05	-5.406499e-03	6.100000e-03
C9947	33104:94:-	46289	2	-5.385220e-06	4.957434e-04	4.700000e-03
C9951	33129:14:+	21076	2	-2.065625e-05	-3.387139e-03	5.400000e-03
C9951	33129:59:+	21121	2	1.375261e-06	-2.471672e-04	6.500000e-03
C9953	33174:110:+	35761	2	-3.991503e-05	-1.306935e-03	6.700000e-03
C9953	33189:55:-	51493	1	-1.927669e-05	2.852275e-03	5.600000e-03
C9955	33202:74:-	10019	0	-9.663101e-06	-3.950803e-03	6.500000e-03
C9955	33203:128:+	20243	0	1.432374e-04	4.268604e-02	4.600000e-02
C9955	33214:79:-	37860	1	-2.057134e-05	2.987692e-03	4.600000e-03
C9957	33265:44:+	26331	1	2.367539e-05	-2.481153e-03	4.500000e-03
C9957	33265:76:+	26363	1	4.684966e-05	4.560856e-03	6.400000e-03
C9957	33266:91:-	26686	2	1.622994e-06	2.546073e-03	5.300000e-03
C9957	33266:77:-	26700	2	4.573710e-05	-1.837826e-03	8.500000e-03
C9957	33299:92:+	66179	2	1.110728e-05	-2.491716e-03	6.600000e-03
C9957	33299:124:+	66211	2	-1.064978e-05	4.048308e-03	7.300000e-03
C9959	33303:86:+	2627	2	3.061237e-05	1.176888e-02	8.200000e-03
C9959	33303:119:+	2660	2	-3.499922e-06	-7.005503e-04	4.100000e-03
C9959	33315:72:-	14358	1	7.010895e-05	5.132491e-04	5.500000e-03
C9959	33318:21:+	18843	0	-9.253143e-06	3.667268e-03	7.000000e-03
C9959	33318:50:+	18872	0	-4.924323e-05	-4.331178e-03	5.000000e-03
C9961	33383:128:+	43115	2	6.461237e-05	5.175667e-03	6.200000e-03
C9963	33407:41:-	1291	1	5.363840e-05	2.129483e-03	4.600000e-03
C9963	33407:40:-	1292	1	6.993730e-06	7.072725e-04	5.700000e-03
C9963	33417:118:-	30547	2	2.258319e-05	8.992996e-03	6.100000e-03
C9963	33436:114:-	48144	0	1.827914e-05	-4.144538e-03	5.000000e-03
C9963	33436:50:-	48208	0	-1.181032e-05	5.074280e-03	5.500000e-03
C9963	33455:76:-	66046	2	5.483433e-05	6.304424e-02	1.970000e-02
C9963	33455:68:-	66054	2	-3.306316e-05	-5.650936e-03	6.300000e-03
C9965	33468:117:+	15880	0	4.896407e-05	2.702609e-03	6.000000e-03
C9965	33476:83:+	26443	0	6.861101e-05	-1.152684e-03	6.300000e-03
C9975	33687:66:+	21034	0	-3.303112e-06	-4.236620e-05	6.400000e-03
C9979	33749:22:-	3051	1	-1.153688e-05	4.669268e-04	6.000000e-03
C9979	33780:80:-	55406	0	-1.039226e-05	1.916038e-03	8.200000e-03
C9979	33780:45:-	55441	0	5.957951e-06	5.633405e-03	2.000000e-02
C9985	33857:61:-	28155	0	-1.919187e-05	1.316214e-03	6.500000e-03
C9985	33857:37:-	28179	0	-1.193734e-05	3.758860e-03	6.400000e-03
C9985	33857:28:-	28188	0	-3.433204e-05	-2.329276e-03	5.200000e-03
C9985	33873:123:-	42336	0	-1.084162e-05	1.040959e-03	4.500000e-03
C9999	33955:81:+	11251	1	-1.491396e-05	4.690743e-03	5.200000e-03
C10005	34027:55:-	47497	0	5.861615e-05	6.592534e-03	5.700000e-03
C10005	34029:125:-	48500	1	-1.131308e-05	-1.122734e-03	5.400000e-03
C10009	34142:10:-	25550	2	-1.190122e-05	-1.079409e-03	4.600000e-03
C10009	34146:91:-	31715	1	-2.491915e-05	-3.307681e-04	5.400000e-03
C10009	34146:71:-	31735	1	9.667475e-05	8.075722e-03	6.700000e-03
C10009	34204:121:-	74335	1	-1.935862e-05	3.563986e-03	6.200000e-03
C10013	34256:8:-	72044	1	-1.605385e-06	2.006694e-03	5.600000e-03
C10017	34364:41:-	54681	1	8.370028e-06	-3.871115e-03	5.900000e-03
C10017	34374:78:-	73065	1	-3.696387e-05	-3.316182e-03	6.700000e-03
C10021	34424:8:-	34740	2	1.297478e-05	-2.869887e-03	5.800000e-03
C10021	34454:39:+	65697	1	-1.091644e-05	-2.861138e-04	5.500000e-03
C10023	34479:90:+	35443	1	-1.265745e-05	1.222424e-03	7.400000e-03
C10023	34479:127:+	35480	1	-5.803255e-06	4.339572e-03	6.800000e-03
C10023	34502:9:-	64214	2	-6.197058e-05	-2.779466e-03	5.100000e-03
C10023	34501:19:+	64239	0	5.075253e-06	1.018656e-03	4.300000e-03
C10023	34508:127:-	70086	1	1.004498e-05	-1.292546e-03	7.300000e-03
C10023	34508:124:-	70089	1	-2.725096e-05	-6.011198e-03	5.700000e-03
C10025	34635:92:-	76985	0	-1.066142e-05	6.227534e-05	6.600000e-03
C10025	34635:42:-	77035	0	-9.581495e-06	5.673437e-03	6.200000e-03
C10027	34709:15:+	65583	1	-1.503543e-05	-1.226831e-03	4.600000e-03
C10029	34719:46:+	3823	0	2.110976e-05	7.110259e-03	6.100000e-03
C10029	34719:64:+	3841	0	3.152340e-05	1.625550e-03	5.900000e-03
C10029	34719:101:+	3878	0	-1.919187e-05	-5.292641e-03	5.600000e-03
C10029	34719:112:+	3889	0	-2.159872e-05	-4.143874e-03	6.500000e-03
C10033	34820:34:+	42164	0	-1.239667e-05	-1.668200e-03	5.000000e-03
C10035	34862:34:+	6775	1	1.621974e-05	-3.714410e-03	6.900000e-03
C10035	34874:74:-	16412	2	2.144643e-05	-7.548794e-03	5.500000e-03
C10035	34920:133:-	45090	0	-3.353523e-05	1.904611e-03	8.500000e-03
C10035	34920:66:-	45157	0	-1.694635e-05	-1.787825e-03	4.200000e-03
C10037	34981:32:-	35540	2	-9.983943e-05	-1.187022e-02	7.300000e-03
C10041	35024:67:-	7383	2	-8.007244e-05	-2.470908e-03	7.100000e-03
C10041	35038:31:-	31140	1	1.187717e-04	-1.721995e-03	4.200000e-03
C10041	35043:117:+	35152	0	-5.301871e-05	-8.735277e-03	7.200000e-03
C10041	35066:129:-	69110	1	-2.433355e-05	2.160355e-03	6.100000e-03
C10045	35146:70:+	72143	1	-1.072082e-05	3.126125e-03	5.600000e-03
C10045	35146:124:+	72197	2	3.200829e-05	-7.812404e-04	3.800000e-03
C10053	35229:50:-	25348	2	5.434005e-05	6.576138e-03	5.700000e-03
C10055	35300:98:+	27855	1	-7.508497e-05	-3.957319e-03	6.400000e-03
C10057	35343:69:+	40039	1	-3.200785e-05	6.913372e-04	9.600000e-03
C10057	35363:60:+	80338	1	-1.598939e-05	9.347997e-04	6.200000e-03
C10057	35363:72:+	80350	1	-3.055348e-05	-7.210565e-04	5.600000e-03
C10059	35377:80:-	3463	2	2.719712e-05	9.551068e-02	1.900000e-02
C10059	35377:53:-	3490	2	3.405126e-05	8.480129e-04	6.400000e-03
C10059	35379:119:+	6116	0	9.769264e-05	3.859818e-05	6.700000e-03
C10059	35392:54:-	9341	2	-9.049669e-05	-8.237954e-03	6.600000e-03
C10059	35392:41:-	9354	2	-6.030403e-05	-1.386660e-04	5.500000e-03
C10059	35433:13:+	65253	1	-1.943660e-05	-2.874227e-03	4.300000e-03
C10059	35433:37:+	65277	1	-2.581644e-05	-1.102996e-02	7.100000e-03
C10061	35479:53:-	41890	0	3.506767e-05	1.957984e-03	3.900000e-03
C10069	35617:55:+	73103	0	-8.510903e-06	4.149894e-03	7.200000e-03
C10069	35627:85:+	79724	0	-2.866847e-05	2.713008e-03	5.900000e-03
C10071	35643:38:+	20815	1	-2.710031e-05	-5.073735e-03	6.500000e-03
C10071	35664:129:+	51244	2	9.916176e-05	3.887197e-02	7.900000e-03
C10073	35710:43:-	16260	2	-2.331530e-05	3.146642e-04	5.400000e-03
C10073	35767:12:-	70988	1	-4.147095e-05	2.331947e-04	4.600000e-03
C10075	35810:79:-	34591	0	8.893325e-06	-4.232125e-03	6.100000e-03
C10075	35810:78:-	34592	0	8.893325e-06	-5.283738e-03	5.800000e-03
C10075	35827:108:+	40974	2	2.037366e-05	-3.683227e-05	7.300000e-03
C10077	35891:50:-	20867	0	-1.419973e-05	-1.147538e-03	5.900000e-03
C10077	35891:29:-	20888	0	-3.173389e-05	-8.962084e-04	6.600000e-03
C10077	35938:106:-	91186	1	-1.677219e-05	-4.396054e-03	4.100000e-03
C10079	35959:19:+	26273	0	8.400131e-05	2.928133e-03	5.900000e-03
C10079	35969:123:+	44466	2	8.326996e-05	-1.865225e-03	5.500000e-03
C10079	35977:11:-	51451	2	-3.550725e-05	-5.240422e-04	5.200000e-03
C10079	36014:83:-	91087	1	-3.149433e-06	-1.574504e-03	6.300000e-03
C10083	36094:86:-	91271	1	4.909134e-05	1.698624e-03	4.400000e-03
C10083	36094:71:-	91286	1	-6.419643e-05	-4.831158e-03	6.700000e-03
C10085	36100:11:+	2573	2	-4.484620e-05	-3.001257e-03	9.000000e-03
C10085	36122:21:+	46099	0	-3.935183e-05	-5.451642e-03	6.400000e-03
C10085	36150:63:-	84078	0	-2.413743e-05	-1.358194e-03	5.000000e-03
C10087	36191:111:-	62167	2	-4.284534e-05	6.993416e-04	5.000000e-03
C10091	36232:8:+	27621	2	-1.323082e-05	-5.546300e-03	5.900000e-03
C10091	36235:16:-	37940	0	-8.113650e-05	-1.638992e-03	5.400000e-03
C10091	36240:17:+	55731	2	3.383968e-05	3.816689e-03	4.500000e-03
C10091	36240:74:+	55788	2	-1.465640e-05	2.259351e-04	4.300000e-03
C10091	36240:92:+	55806	2	-1.465640e-05	1.937024e-04	5.400000e-03
C10093	36296:97:+	30874	2	5.373353e-05	1.606774e-04	5.100000e-03
C10093	36296:105:+	30882	2	-8.688461e-05	-1.879380e-02	7.400000e-03
C10093	36316:135:-	55770	2	-7.467981e-07	4.474533e-03	5.700000e-03
C10099	36365:68:+	23865	0	-2.338003e-05	6.226122e-04	5.000000e-03
C10099	36365:69:+	23866	0	-2.338003e-05	2.402131e-03	6.500000e-03
C10099	36392:20:+	67831	0	-2.094634e-05	-7.900939e-04	5.000000e-03
C10101	36430:131:+	42055	1	8.603615e-05	1.186156e-03	4.700000e-03
C10101	36456:6:+	62503	1	-9.710032e-06	-1.748971e-03	7.100000e-03
C10101	36456:74:+	62571	1	-6.588804e-05	-2.624726e-03	5.500000e-03
C10101	36456:75:+	62572	1	-6.588804e-05	-3.617817e-03	4.800000e-03
C10101	36488:32:-	84415	0	-3.353523e-05	3.720815e-04	5.800000e-03
C10101	36496:10:+	88034	0	-4.826320e-05	-1.128190e-02	5.500000e-03
C10101	36496:93:+	88117	0	-2.221166e-05	1.843213e-03	5.100000e-03
C10105	36519:77:+	9177	2	-4.097284e-06	-2.603995e-03	5.300000e-03
C10105	36537:108:-	28171	2	-2.419146e-06	-8.301892e-04	5.700000e-03
C10107	36615:92:-	55800	2	6.736403e-06	2.353581e-03	5.300000e-03
C10109	36686:96:+	52937	2	-2.542059e-06	4.069621e-03	2.800000e-03
C10109	36721:13:+	94015	1	1.039054e-05	-6.274309e-03	5.800000e-03
C10109	36721:65:+	94067	1	-1.276456e-05	-4.890669e-03	4.500000e-03
C10109	36721:96:+	94098	1	-5.522972e-05	-4.501771e-03	5.500000e-03
C10115	36865:98:+	106620	2	1.266825e-05	-2.571927e-03	8.900000e-03
C10115	36865:118:+	106640	2	-1.637895e-05	3.281520e-03	6.000000e-03
C10117	36876:100:+	8015	1	1.340560e-05	-6.327468e-03	6.400000e-03
C10117	36889:26:-	15451	2	-7.363306e-05	-6.673524e-03	4.800000e-03
C10117	36918:26:+	32109	1	1.494973e-05	8.558512e-03	4.700000e-03
C10117	36929:105:+	50715	1	8.113900e-05	5.398549e-04	4.400000e-03
C10119	37044:58:-	79747	2	-3.125850e-05	-1.648001e-03	7.300000e-03
C10121	37078:94:-	5345	0	8.940781e-05	-8.730862e-04	8.200000e-03
C10121	37180:20:+	90041	2	-3.394818e-06	-2.369300e-03	5.300000e-03
C10121	37180:28:+	90049	2	-1.007345e-05	-2.794765e-03	6.700000e-03
C10121	37180:37:+	90058	2	-3.394818e-06	4.701758e-03	5.700000e-03
C10121	37180:44:+	90065	2	-3.394818e-06	-2.536705e-03	6.200000e-03
C10121	37180:45:+	90066	2	-3.394818e-06	5.288138e-03	7.200000e-03
C10121	37180:52:+	90073	2	-3.394818e-06	4.726822e-03	5.700000e-03
C10121	37180:61:+	90082	2	-3.394818e-06	4.555936e-03	4.900000e-03
C10121	37180:72:+	90093	2	-3.394818e-06	6.284135e-03	1.410000e-02
C10121	37180:74:+	90095	2	-3.394818e-06	-4.621589e-03	6.500000e-03
C10121	37180:76:+	90097	2	-1.456205e-05	-2.317497e-03	4.700000e-03
C10121	37180:78:+	90099	2	-3.394818e-06	-4.760400e-03	5.600000e-03
C10121	37180:99:+	90120	2	-3.394818e-06	-6.587765e-04	5.700000e-03
C10121	37180:112:+	90133	2	-3.394818e-06	-4.747498e-03	5.500000e-03
C10121	37180:114:+	90135	2	7.332002e-06	-4.247423e-03	5.000000e-03
C10121	37180:123:+	90144	2	-3.394818e-06	-3.455475e-03	5.300000e-03
C10121	37180:140:+	90161	2	-2.085155e-05	-1.270098e-03	8.200000e-03
C10121	37198:123:+	106429	0	-1.920809e-05	-1.163528e-03	7.500000e-03
C10127	37226:45:-	24646	2	6.072876e-06	-6.747579e-04	5.100000e-03
C10129	37323:138:+	1282	0	4.153649e-05	2.344867e-02	1.080000e-02
C10129	37332:85:+	11573	0	1.740489e-05	7.818773e-03	5.700000e-03
C10129	37373:73:-	75762	2	-7.288987e-07	1.447500e-02	5.500000e-03
C10129	37387:26:-	84554	2	-1.539597e-05	-1.577736e-03	7.000000e-03
C10131	37445:112:-	39725	2	-4.218320e-05	2.752281e-03	6.100000e-03
C10131	37445:111:-	39726	2	-4.218320e-05	8.919005e-04	6.500000e-03
C10131	37449:10:+	42240	2	-1.872045e-05	-2.060232e-03	5.900000e-03
C10131	37476:77:-	94725	2	-4.150771e-05	-7.474301e-03	5.600000e-03
C10137	37601:23:+	104268	0	-6.213178e-05	-8.401291e-01	8.702000e-01
C10137	37601:96:+	104341	0	9.769264e-05	3.888830e-03	4.400000e-03
C10137	37611:83:-	109839	1	4.991915e-05	1.791087e-03	5.500000e-03
C10137	37625:14:-	116959	1	2.223845e-06	1.512001e-03	6.000000e-03
C10137	37640:107:+	132177	1	-1.326569e-05	-1.534008e-03	6.800000e-03
C10139	37675:68:+	12206	0	-3.353523e-05	-9.832004e-04	6.100000e-03
C10139	37714:8:+	45384	2	-6.664895e-06	1.421541e-03	6.400000e-03
C10139	37714:30:+	45406	1	1.102603e-05	1.771217e-03	5.800000e-03
C10139	37714:67:+	45443	2	1.214394e-05	3.781041e-03	7.800000e-03
C10145	37810:48:+	9368	2	-2.291480e-05	-1.552746e-02	8.300000e-03
C10145	37810:79:+	9399	2	4.229529e-05	-2.040170e-03	6.100000e-03
C10145	37810:139:+	9459	2	-2.291480e-05	-3.304575e-04	4.800000e-03
C10145	37857:31:+	49175	1	-1.427515e-05	-2.301145e-03	6.900000e-03
C10145	37857:51:+	49195	1	-5.410011e-05	2.843292e-04	7.400000e-03
C10145	37927:7:-	144265	1	1.236698e-05	2.018383e-01	1.684000e-01
C10145	37947:120:+	166803	2	8.167155e-06	4.447587e-02	8.900000e-03
C10147	38032:108:+	80658	2	-7.108350e-05	4.905869e-04	5.200000e-03
C10147	38037:136:+	89041	0	-2.493638e-05	3.774899e-01	6.605000e-01
C10147	38094:100:-	167090	1	-1.644408e-05	-2.768366e-03	6.400000e-03
C10147	38101:132:-	172346	2	-1.678583e-05	-1.036095e-04	7.100000e-03
C10147	38101:44:-	172434	2	-2.940372e-05	-3.242626e-03	8.400000e-03
C10147	38102:124:+	173643	0	-4.453241e-06	-2.926357e-03	7.100000e-03
C10151	38287:26:+	162771	1	1.261709e-05	-5.336754e-03	6.500000e-03
C10151	38287:57:+	162802	1	1.386553e-05	-4.181337e-03	4.500000e-03
C10151	38287:68:+	162813	1	1.261709e-05	2.068563e-03	4.200000e-03
C10151	38287:84:+	162829	1	1.261709e-05	-3.075288e-03	6.700000e-03
C10151	38287:100:+	162845	2	1.588221e-04	6.401215e-03	5.200000e-03
C10151	38305:31:+	190415	1	4.671624e-05	2.237808e-02	8.100000e-03
C10151	38305:66:+	190450	1	-1.233787e-05	-2.852294e-03	6.800000e-03
C10151	38305:137:+	190521	1	-3.773977e-05	-5.298127e-03	4.600000e-03
scaffold6	51:122:+	1066	2	-6.230798e-05	-3.627693e-03	5.700000e-03
scaffold6	69:119:-	18451	2	4.294009e-05	5.149517e-03	5.700000e-03
scaffold6	69:109:-	18461	2	4.294009e-05	7.362923e-05	5.500000e-03
scaffold6	69:106:-	18464	2	4.294009e-05	6.386426e-03	3.200000e-03
scaffold6	69:104:-	18466	2	4.294009e-05	2.682061e-03	4.100000e-03
scaffold6	69:84:-	18486	2	4.294009e-05	-1.225994e-03	3.600000e-03
scaffold6	69:82:-	18488	2	4.294009e-05	1.131174e-03	3.800000e-03
scaffold6	69:72:-	18498	2	4.294009e-05	2.425583e-03	6.200000e-03
scaffold6	69:65:-	18505	2	4.294009e-05	1.864969e-03	6.200000e-03
scaffold6	69:61:-	18509	2	4.294009e-05	-1.622932e-04	6.600000e-03
scaffold6	69:48:-	18522	2	4.294009e-05	5.431200e-03	7.000000e-03
scaffold6	69:43:-	18527	2	4.294009e-05	2.910758e-03	5.800000e-03
scaffold6	69:18:-	18552	2	4.294009e-05	-3.768498e-04	4.900000e-03
scaffold6	69:9:-	18561	2	4.294009e-05	3.153706e-03	4.200000e-03
scaffold22	123:91:-	1282	1	-3.561567e-05	-8.856806e-04	8.000000e-03
scaffold22	122:62:+	1432	1	-8.495765e-05	-2.761071e-03	6.300000e-03
scaffold22	138:8:-	9509	2	-2.793514e-05	5.096049e-04	6.500000e-03
scaffold32	203:42:+	17507	2	2.309132e-05	5.385511e-03	6.700000e-03
scaffold32	203:49:+	17514	2	2.309132e-05	5.257456e-03	6.600000e-03
scaffold32	203:50:+	17515	2	2.309132e-05	-2.722372e-04	7.000000e-03
scaffold32	203:81:+	17546	2	-1.549242e-05	-2.445750e-03	5.900000e-03
scaffold32	203:125:+	17590	2	1.530434e-05	2.254573e-04	6.300000e-03
scaffold32	208:57:+	26595	0	2.184725e-05	5.083524e-03	4.900000e-03
scaffold32	208:96:+	26634	0	-4.959802e-06	1.362945e-03	5.900000e-03
scaffold43	573:136:+	202932	0	7.309672e-05	5.969614e-04	6.400000e-03
scaffold43	585:91:-	220682	1	-8.677124e-06	-1.183278e-02	1.200000e-02
scaffold43	589:42:+	231665	2	3.328813e-05	-4.187807e-03	7.200000e-03
scaffold43	589:112:+	231735	2	5.561676e-06	1.306785e-03	4.500000e-03
scaffold47	625:119:-	7660	1	-1.644262e-05	-3.991347e-01	4.410000e-02
scaffold47	625:51:-	7728	1	-1.832835e-05	-3.023668e-02	7.500000e-03
scaffold48	662:19:+	53850	0	1.954767e-06	1.204733e-03	5.500000e-03
scaffold51	696:40:-	3438	2	-1.626015e-05	-3.058594e-03	5.600000e-03
scaffold51	696:35:-	3443	2	-7.935379e-05	-8.836418e-04	4.600000e-03
scaffold55	748:78:-	37082	0	7.739242e-06	9.986230e-03	6.100000e-03
scaffold68	844:84:+	11885	0	-9.633751e-06	-2.487710e-03	6.300000e-03
scaffold68	844:106:+	11907	0	7.962176e-05	5.756497e-03	5.700000e-03
scaffold68	875:28:-	34652	2	-2.067610e-05	2.192858e-03	6.500000e-03
scaffold76	949:80:-	38576	1	-2.566160e-05	-4.285059e-03	5.500000e-03
scaffold77	973:114:+	5614	0	-5.563043e-05	-7.927194e-04	6.500000e-03
scaffold77	975:91:-	6667	1	-2.660385e-05	-6.129128e-03	5.000000e-03
scaffold78	1011:68:+	26106	0	9.572308e-07	1.921964e-03	6.000000e-03
scaffold78	1012:91:+	26517	1	9.991292e-05	9.098304e-03	7.400000e-03
scaffold84	1076:48:-	2200	2	-3.823958e-06	-1.609811e-03	5.600000e-03
scaffold84	1107:105:+	37128	1	7.175724e-05	-3.821800e-03	6.000000e-03
scaffold84	1107:112:+	37135	1	4.741524e-06	-1.231934e-03	5.300000e-03
scaffold84	1129:74:-	44538	2	-3.225977e-05	-4.838056e-03	4.200000e-03
scaffold86	1199:104:-	18773	2	-3.308867e-06	-1.807896e-05	4.600000e-03
scaffold87	1219:127:-	15047	0	5.845511e-05	1.224248e-03	5.900000e-03
scaffold93	1341:58:+	46046	2	-1.632876e-05	-2.188646e-03	6.800000e-03
scaffold93	1341:118:+	46106	2	1.027387e-04	3.764989e-03	6.100000e-03
scaffold93	1398:11:+	117287	0	-5.736373e-06	-6.863594e-03	6.500000e-03
scaffold93	1420:88:+	131623	1	-4.344825e-06	-7.708816e-03	5.400000e-03
scaffold106	1554:108:-	27255	1	-1.005746e-05	-7.832567e-04	8.600000e-03
scaffold107	1597:85:-	2371	1	2.047843e-05	5.647020e-04	5.000000e-03
scaffold113	1777:102:-	12730	1	5.822226e-05	1.177386e-02	6.900000e-03
scaffold113	1777:41:-	12791	1	2.818730e-06	1.813258e-02	6.200000e-03
scaffold113	1796:90:+	33877	0	-1.193734e-05	9.677521e-04	4.200000e-03
scaffold115	1832:90:-	21773	1	-5.249472e-05	-6.853154e-03	6.500000e-03
scaffold115	1841:22:-	34893	1	-6.614004e-06	-2.764508e-03	5.800000e-03
scaffold115	1841:19:-	34896	1	-3.404309e-06	-5.365748e-03	6.300000e-03
scaffold117	1900:86:+	22613	1	1.642282e-06	5.535354e-03	4.700000e-03
scaffold117	1900:116:+	22643	1	1.642282e-06	2.502819e-03	3.700000e-03
scaffold120	1956:37:+	41888	2	2.304594e-05	1.285071e-03	5.700000e-03
scaffold120	1956:38:+	41889	2	2.304594e-05	1.078175e-03	5.500000e-03
scaffold120	1969:138:-	54967	1	-2.599966e-06	-7.837169e-03	4.800000e-03
scaffold124	1998:62:-	1005	0	2.238593e-05	-5.974491e-04	5.800000e-03
scaffold126	2021:101:+	9047	1	4.017140e-06	1.464374e-03	6.200000e-03
scaffold127	2028:131:-	5057	2	-1.068189e-05	-1.912726e-03	6.400000e-03
scaffold127	2028:98:-	5090	2	-2.451750e-06	1.491495e-03	5.500000e-03
scaffold127	2028:17:-	5171	2	7.008430e-05	-9.041138e-04	4.700000e-03
scaffold138	2162:119:-	11489	0	2.650869e-06	-9.054477e-03	7.000000e-03
scaffold143	2225:135:-	10651	2	1.298837e-05	7.057904e-03	5.900000e-03
scaffold143	2225:109:-	10677	2	-3.883353e-06	-7.194457e-04	5.800000e-03
scaffold151	2333:32:-	47614	2	-1.048421e-05	1.366139e-04	4.800000e-03
scaffold151	2387:13:-	100644	0	5.532341e-05	4.455514e-05	6.700000e-03
scaffold153	2517:35:-	1705	1	1.438331e-05	1.537267e-04	4.400000e-03
scaffold158	2609:32:-	3897	2	2.920948e-06	3.860196e-03	6.300000e-03
scaffold158	2609:22:-	3907	2	-2.688695e-05	-8.474640e-03	4.700000e-03
scaffold158	2633:6:-	18494	1	5.947059e-06	-2.442571e-03	7.100000e-03
scaffold162	2703:63:+	36851	1	-1.879206e-06	4.292251e-04	6.100000e-03
scaffold167	2782:139:-	6903	1	9.596448e-06	4.016580e-04	5.800000e-03
scaffold167	2782:76:-	6966	1	7.528399e-05	5.741196e-02	1.620000e-02
scaffold168	2794:137:-	1487	1	4.752517e-06	-1.453023e-03	5.100000e-03
scaffold168	2807:131:+	11553	0	-3.469314e-05	-3.261590e-03	5.000000e-03
scaffold168	2819:61:+	22805	0	-4.251517e-05	3.925377e-03	6.400000e-03
scaffold168	2819:89:+	22833	1	4.575606e-05	9.005535e-02	1.310000e-02
scaffold168	2822:12:+	27510	0	-1.548361e-05	2.316898e-03	6.000000e-03
scaffold168	2822:75:+	27573	0	-1.548361e-05	-4.083076e-04	7.000000e-03
scaffold168	2822:89:+	27587	0	-1.548361e-05	4.779884e-03	3.600000e-03
scaffold168	2822:121:+	27619	0	-1.548361e-05	2.008627e-04	5.600000e-03
scaffold168	2844:28:+	62030	0	3.259290e-05	1.655308e-03	5.500000e-03
scaffold168	2864:52:-	78741	1	-5.006796e-05	3.084695e-03	6.300000e-03
scaffold168	2870:93:-	85566	0	2.604583e-05	2.019478e-03	5.700000e-03
scaffold168	2893:105:+	109302	0	-1.919187e-05	-9.048184e-04	5.600000e-03
scaffold170	2980:14:+	91300	1	6.061471e-06	8.209038e-03	5.800000e-03
scaffold175	3099:23:+	7663	1	3.662463e-06	-5.789248e-03	5.800000e-03
scaffold175	3099:125:+	7765	1	3.332489e-05	3.928188e-03	5.400000e-03
scaffold178	3209:81:-	52245	1	1.958908e-05	-2.491927e-03	5.500000e-03
scaffold178	3218:111:-	66205	2	-1.188269e-04	-1.000091e-02	4.900000e-03
scaffold181	3253:47:+	11001	1	-4.151266e-05	2.552943e-03	4.800000e-03
scaffold181	3253:48:+	11002	1	-4.151266e-05	-1.616367e-03	7.700000e-03
scaffold181	3253:65:+	11019	1	2.961866e-05	9.520775e-02	1.000000e-02
scaffold187	3377:81:-	9911	2	-7.777654e-05	-5.240841e-03	5.800000e-03
scaffold187	3377:16:-	9976	2	4.924836e-06	-3.446707e-04	4.500000e-03
scaffold189	3409:20:+	17217	2	1.329748e-05	-5.207295e-03	6.300000e-03
scaffold189	3409:109:+	17306	2	-1.568653e-05	-8.393587e-04	6.800000e-03
scaffold189	3409:110:+	17307	2	-1.365799e-05	-6.577116e-03	8.600000e-03
scaffold198	3523:10:+	26220	1	-3.326452e-05	-5.332278e-03	6.200000e-03
scaffold198	3523:16:+	26226	1	6.412330e-05	2.723510e-02	6.400000e-03
scaffold214	3696:69:-	11491	0	-2.222472e-05	-3.579301e-03	6.100000e-03
scaffold216	3715:27:-	8186	1	1.782943e-05	2.776280e-03	4.100000e-03
scaffold216	3721:99:-	19024	0	-6.930723e-05	-4.100701e-03	7.600000e-03
scaffold218	3740:50:+	16743	1	2.816126e-06	6.559599e-03	5.400000e-03
scaffold218	3740:58:+	16751	1	-1.723212e-05	-4.218662e-03	8.200000e-03
scaffold224	3823:25:+	110	1	4.804089e-05	1.582987e-03	7.000000e-03
scaffold224	3823:30:+	115	1	2.738766e-05	-1.192704e-03	6.200000e-03
scaffold224	3823:138:+	223	1	4.804089e-05	2.093845e-03	4.500000e-03
scaffold227	3862:115:-	754	0	-2.493775e-05	-2.683170e-03	6.000000e-03
scaffold227	3879:16:+	31071	1	1.161728e-05	5.087963e-03	5.900000e-03
scaffold227	3908:85:-	64699	1	5.077900e-05	5.001007e-03	7.600000e-03
scaffold231	3988:14:+	72375	0	-3.201013e-05	-3.297964e-03	5.200000e-03
scaffold231	4000:105:+	88406	2	3.319943e-05	2.164707e-03	7.400000e-03
scaffold236	4136:42:-	55745	0	-5.808417e-05	-6.249594e-04	6.400000e-03
scaffold239	4304:67:-	12881	1	-3.511950e-06	-1.977809e-04	6.000000e-03
scaffold239	4304:45:-	12903	1	5.709462e-05	6.812835e-03	7.000000e-03
scaffold240	4324:15:+	7086	2	-2.067610e-05	3.248748e-03	7.800000e-03
scaffold240	4324:124:+	7195	2	-1.008308e-05	1.020902e-03	6.100000e-03
scaffold245	4466:44:+	5131	1	-3.332860e-07	3.207097e-02	3.320000e-02
scaffold245	4466:109:+	5196	1	-7.713120e-05	-5.516503e-03	6.700000e-03
scaffold245	4478:58:-	12011	1	-1.069687e-05	8.563613e-03	3.400000e-03
scaffold251	4597:111:-	40818	2	2.326337e-05	7.686646e-04	6.000000e-03
scaffold251	4612:11:+	69061	1	-1.777237e-05	-3.627248e-03	5.300000e-03
scaffold253	4692:68:+	51072	2	-2.598599e-05	2.558115e-03	4.500000e-03
scaffold253	4692:96:+	51100	2	-1.465640e-05	3.030385e-03	6.800000e-03
scaffold253	4692:139:+	51143	2	4.120239e-05	9.309294e-03	4.900000e-03
scaffold254	4696:121:-	1996	1	-2.350590e-05	-1.398590e-02	4.000000e-03
scaffold254	4696:15:-	2102	0	-3.261877e-05	-6.451114e-04	5.200000e-03
scaffold255	4709:78:+	9002	0	4.352202e-05	4.153439e-03	6.700000e-03
scaffold264	4919:134:+	19960	1	-2.582847e-05	-6.204649e-04	6.500000e-03
scaffold267	4962:83:+	36599	2	-7.436573e-05	-5.043075e-03	6.800000e-03
scaffold268	4982:19:-	12902	2	5.517692e-05	1.023995e-02	4.700000e-03
scaffold268	4992:85:-	22806	0	3.684180e-05	7.289216e-03	6.100000e-03
scaffold269	5016:78:+	33127	2	-2.014767e-05	-3.249893e-03	5.500000e-03
scaffold271	5097:53:-	58042	2	-2.164407e-05	-1.543950e-03	6.000000e-03
scaffold272	5212:90:-	126505	2	-3.083670e-06	-7.521386e-03	5.700000e-03
scaffold272	5222:76:-	132360	0	2.606303e-05	4.845426e-03	6.500000e-03
scaffold275	5288:48:+	26132	2	7.803956e-05	9.414981e-04	5.500000e-03
scaffold275	5288:124:+	26208	2	-2.335232e-05	2.751530e-03	5.200000e-03
scaffold276	5307:75:-	12345	2	6.259397e-05	-2.203709e-03	7.300000e-03
scaffold279	5366:44:+	7042	0	-3.239264e-06	-3.596912e-03	6.800000e-03
scaffold279	5366:90:+	7088	1	-4.635016e-05	-2.042283e-03	6.100000e-03
scaffold279	5419:18:-	92625	2	-6.592002e-05	-2.823450e-03	5.900000e-03
scaffold281	5484:138:-	20596	0	-1.919187e-05	-3.067322e-03	6.300000e-03
scaffold281	5484:14:-	20720	1	-3.146828e-05	-4.099860e-04	5.400000e-03
scaffold282	5514:18:+	25826	2	-3.110033e-05	-2.821746e-03	5.400000e-03
scaffold287	5661:84:+	14226	1	7.316991e-06	-1.228070e-03	6.000000e-03
scaffold288	5709:69:+	37558	1	-1.127920e-05	-3.718482e-03	5.300000e-03
scaffold289	5740:31:-	21098	2	-2.366232e-05	9.965397e-04	6.900000e-03
scaffold289	5765:8:+	32546	2	-2.312260e-05	3.732673e-03	7.300000e-03
scaffold289	5765:34:+	32572	2	-2.312260e-05	2.909364e-03	5.000000e-03
scaffold289	5765:115:+	32653	2	-6.491027e-05	4.559921e-04	6.900000e-03
scaffold290	5790:43:+	12961	2	1.924544e-05	1.478122e-02	6.100000e-03
scaffold290	5802:36:+	31639	0	8.188302e-05	4.204320e-03	7.800000e-03
scaffold293	5944:42:+	52816	0	2.081038e-05	2.328645e-03	4.400000e-03
scaffold294	5956:71:-	1284	1	-1.029398e-05	3.609103e-03	5.600000e-03
scaffold295	5991:97:+	4427	2	-6.075632e-06	-1.134276e-03	7.200000e-03
scaffold296	6069:9:+	23217	1	4.188947e-06	2.359996e-05	5.400000e-03
scaffold296	6069:44:+	23252	1	4.188947e-06	2.829891e-03	4.200000e-03
scaffold296	6069:45:+	23253	1	4.188947e-06	1.881488e-03	6.700000e-03
scaffold296	6069:58:+	23266	1	4.188947e-06	-1.760527e-03	3.700000e-03
scaffold296	6069:78:+	23286	1	4.188947e-06	1.201303e-03	6.200000e-03
scaffold296	6069:80:+	23288	1	4.188947e-06	1.801917e-03	4.800000e-03
scaffold296	6069:109:+	23317	1	4.188947e-06	-8.305033e-05	6.100000e-03
scaffold298	6180:113:-	7674	0	-4.687596e-05	-1.769930e-03	5.700000e-03
scaffold298	6180:112:-	7675	0	-4.687596e-05	-2.696702e-03	8.900000e-03
scaffold298	6180:53:-	7734	0	2.739975e-06	7.820367e-04	5.500000e-03
scaffold301	6362:136:-	55797	2	3.774917e-06	8.733044e-03	6.500000e-03
scaffold301	6410:112:+	125164	0	1.632869e-05	3.781365e-03	6.500000e-03
scaffold301	6448:62:-	166201	0	4.680464e-06	-4.158163e-03	5.200000e-03
scaffold302	6456:126:+	9343	2	-3.034801e-05	1.124155e-03	4.900000e-03
scaffold304	6494:104:+	31550	1	1.373606e-04	-1.140559e-03	5.000000e-03
scaffold304	6494:117:+	31563	2	-7.642806e-06	-1.113064e-03	6.100000e-03
scaffold304	6516:55:+	75985	0	-1.418028e-05	-2.139416e-03	6.700000e-03
scaffold304	6524:44:-	83703	2	-5.215171e-05	-5.036949e-03	5.900000e-03
scaffold306	6655:20:+	24871	2	9.730890e-05	-1.218651e-03	7.000000e-03
scaffold306	6673:37:+	48656	1	-1.410705e-05	-3.897000e-03	5.500000e-03
scaffold306	6673:93:+	48712	1	-3.909173e-06	4.515303e-04	7.500000e-03
scaffold306	6704:44:+	79664	1	-8.559046e-05	7.667207e-03	5.400000e-03
scaffold306	6716:92:-	104036	0	-7.938284e-05	2.504582e-03	6.000000e-03
