-1.781194e-02
-7.373051e-03
1.143568e-02
7.681698e-03
-2.259890e-02
1.070598e-02
7.971664e-02
1.478245e-02
-1.398613e-02
-8.524536e-03
-2.339592e-03
5.867300e-02
1.550431e-02
1.458083e-02
9.583046e-02
-2.831915e-02
1.353219e-02
6.568951e-03
-3.753014e-03
-1.898050e-03
-4.088346e-03
1.273917e-02
1.920599e-02
-1.683034e-03
5.377210e-04
8.043029e-04
9.045955e-02
-3.199643e-02
2.271083e-03
-1.726697e-02
-3.953349e-02
-1.966699e-02
-1.391637e-02
-2.015284e-02
-1.037347e-02
5.015760e-02
-1.045025e-02
-6.371527e-02
-2.057110e-02
-2.226252e-02
-3.337851e-02
-2.918705e-02
-6.034061e-02
