1.475378e-02
2.775751e-02
1.103743e-02
2.160460e-02
1.728473e-02
3.050623e-02
1.594996e-02
-2.142507e-02
-4.778474e-02
-5.555039e-02
-9.770799e-03
-2.493499e-02
-5.510804e-02
2.517867e-02
8.042738e-02
2.328743e-02
-2.213013e-03
1.162072e-02
4.341522e-02
2.226114e-02
3.361182e-02
2.801741e-02
1.739388e-02
2.031400e-02
2.926492e-02
-1.674360e-02
1.031693e-01
1.437944e-02
3.230733e-02
-2.226652e-02
-1.396142e-02
-3.178959e-02
-3.795658e-02
-1.203023e-02
-2.537009e-02
-2.343978e-03
-3.159864e-02
-3.770328e-02
-3.646336e-02
-2.823644e-02
-2.749035e-02
-5.434457e-02
-2.845726e-02
