chr	rs	ps	n_miss	alpha	beta	gamma
C589	6741:76:-	417	2	7.555358e-05	-2.729466e-04	8.680000e-02
C831	6776:100:+	710	1	4.598452e-04	0.000000e+00	0.000000e+00
C831	6776:106:+	716	1	4.760056e-04	4.022241e-02	2.200000e-03
C1281	6844:21:+	64	1	4.730077e-04	0.000000e+00	0.000000e+00
C1281	6844:38:+	81	1	-4.542121e-05	-6.124112e-02	2.300000e-03
C1281	6844:64:+	107	1	-9.457260e-05	0.000000e+00	0.000000e+00
C1443	6900:62:-	1203	1	5.263759e-05	0.000000e+00	0.000000e+00
C1875	7065:117:+	433	2	-3.947494e-04	-6.818445e-02	1.000000e-04
C2003	7105:77:-	338	1	-2.815203e-04	0.000000e+00	0.000000e+00
C2009	7109:52:-	395	2	-7.121797e-05	0.000000e+00	0.000000e+00
C2037	7120:40:+	1706	1	6.904679e-04	9.693453e-02	1.840000e-02
C2037	7120:65:+	1731	1	-2.086266e-04	1.735821e-02	2.180000e-02
C2037	7120:116:+	1782	1	-1.027969e-04	0.000000e+00	0.000000e+00
C2049	7124:83:+	645	0	7.829431e-04	0.000000e+00	0.000000e+00
C2393	7280:114:+	741	1	-1.251828e-04	0.000000e+00	0.000000e+00
C2407	7293:111:+	329	0	-1.804912e-04	2.203087e-03	1.200000e-03
C2675	7430:51:+	941	2	-1.579740e-04	0.000000e+00	0.000000e+00
C2675	7430:88:+	978	2	-6.370757e-05	0.000000e+00	0.000000e+00
C2691	7443:64:-	1185	0	-8.044945e-06	0.000000e+00	0.000000e+00
C2773	7495:82:+	524	2	-2.182977e-04	0.000000e+00	0.000000e+00
C2889	7561:84:+	1854	1	-4.259861e-05	0.000000e+00	0.000000e+00
C2933	7590:133:-	1326	2	1.652851e-04	1.327423e-01	8.000000e-04
C3091	7706:85:+	269	1	1.276920e-04	0.000000e+00	0.000000e+00
C3091	7706:126:+	310	1	7.808389e-05	9.461102e-01	2.009000e-01
C3117	7720:79:+	2048	1	-2.637036e-04	0.000000e+00	0.000000e+00
C3127	7722:114:-	504	0	1.102996e-04	2.142594e-02	8.000000e-04
C3127	7722:45:-	573	0	-7.401346e-05	0.000000e+00	0.000000e+00
C3129	7724:95:-	1308	2	5.651176e-05	0.000000e+00	0.000000e+00
C3243	7801:89:-	855	2	-3.120154e-05	0.000000e+00	0.000000e+00
C3243	7801:14:-	930	2	-2.199952e-04	-1.162085e-01	4.000000e-04
C3379	7925:12:+	2828	1	1.308216e-04	5.045379e-01	7.955000e-01
C3379	7925:93:+	2909	2	-6.289098e-04	-1.656484e-01	3.000000e-04
C3389	7945:46:+	852	2	-3.613457e-04	0.000000e+00	0.000000e+00
C3393	7947:19:+	585	2	2.008665e-04	0.000000e+00	0.000000e+00
C3393	7947:86:+	652	2	2.008665e-04	0.000000e+00	0.000000e+00
C3393	7951:60:+	2494	0	-4.092173e-04	0.000000e+00	0.000000e+00
C3393	7951:93:+	2527	0	-4.343803e-05	0.000000e+00	0.000000e+00
C3409	7970:120:+	390	2	1.278412e-05	4.266012e-02	7.000000e-04
C3413	7977:84:+	2561	0	3.447490e-04	0.000000e+00	0.000000e+00
C3427	7994:20:-	3412	1	-1.179610e-04	-3.587709e-02	1.000000e-04
C3467	8011:107:-	385	2	-6.422251e-05	0.000000e+00	0.000000e+00
C3467	8011:21:-	471	2	-6.422251e-05	-2.675137e-02	5.300000e-03
C3469	8018:125:+	1502	0	9.817729e-05	-1.057593e-02	2.100000e-03
C3487	8031:80:-	3064	1	-1.802489e-04	6.654989e-01	2.500000e-03
C3525	8071:90:-	2079	0	-6.414835e-05	0.000000e+00	0.000000e+00
C3529	8076:41:-	1191	2	2.964364e-05	6.568281e-02	3.600000e-03
C3567	8108:139:-	2589	1	-6.501888e-05	0.000000e+00	0.000000e+00
C3595	8131:39:+	2291	0	5.396433e-04	0.000000e+00	0.000000e+00
C3595	8131:116:+	2368	0	7.094036e-05	0.000000e+00	0.000000e+00
C3617	8164:88:+	792	2	9.542918e-06	0.000000e+00	0.000000e+00
C3617	8164:102:+	806	2	5.875609e-05	9.931496e-01	6.135000e-01
C3641	8180:47:+	488	0	-9.606895e-05	0.000000e+00	0.000000e+00
C3737	8297:119:-	1896	1	1.591309e-04	0.000000e+00	0.000000e+00
C3817	8382:37:+	477	2	5.023342e-05	0.000000e+00	0.000000e+00
C3823	8386:111:+	945	1	5.948749e-05	0.000000e+00	0.000000e+00
C3823	8386:138:+	972	1	-2.264857e-04	0.000000e+00	0.000000e+00
C3835	8407:22:+	2954	0	-2.181167e-04	-1.670355e-01	1.000000e-04
C3849	8431:108:-	2656	0	1.312003e-04	0.000000e+00	0.000000e+00
C3915	8513:5:+	3630	0	-3.459541e-05	0.000000e+00	0.000000e+00
C3915	8513:6:+	3631	0	4.324793e-04	2.015427e-03	3.000000e-03
C3915	8513:61:+	3686	0	1.721338e-05	0.000000e+00	0.000000e+00
C3975	8586:69:-	2729	1	1.465483e-05	0.000000e+00	0.000000e+00
C4035	8630:61:+	2679	0	-3.688279e-04	0.000000e+00	0.000000e+00
C4037	8639:72:-	4041	2	3.194458e-05	0.000000e+00	0.000000e+00
C4091	8698:41:-	1549	2	-6.178278e-05	-6.252393e-02	6.000000e-04
C4121	8734:15:+	18	0	8.381556e-06	0.000000e+00	0.000000e+00
C4121	8734:52:+	55	0	3.768598e-04	0.000000e+00	0.000000e+00
C4153	8762:51:+	918	1	-7.350559e-05	0.000000e+00	0.000000e+00
C4153	8762:77:+	944	1	-4.103886e-04	-7.687758e-03	7.000000e-04
C4153	8762:124:+	991	1	8.942120e-05	0.000000e+00	0.000000e+00
C4177	8787:106:-	3662	0	-1.232851e-04	-1.416935e-02	3.700000e-03
C4177	8787:12:-	3756	0	-2.181167e-04	-2.100809e-01	6.000000e-04
C4209	8820:27:+	2773	2	1.598361e-03	7.611970e-02	1.500000e-03
C4247	8858:101:+	776	0	7.624305e-04	0.000000e+00	0.000000e+00
C4247	8858:102:+	777	0	7.624305e-04	4.788300e-02	2.500000e-03
C4255	8866:99:-	46	0	8.454621e-05	0.000000e+00	0.000000e+00
C4285	8912:105:+	3246	2	3.756266e-04	4.884582e-01	9.000000e-04
C4343	8968:77:+	4263	1	1.388238e-03	0.000000e+00	0.000000e+00
C4367	8973:104:+	723	2	1.324815e-04	0.000000e+00	0.000000e+00
C4385	9003:37:-	1377	2	5.433184e-04	0.000000e+00	0.000000e+00
C4407	9034:63:-	1767	2	-4.649764e-05	0.000000e+00	0.000000e+00
C4429	9062:107:+	3004	1	-3.135086e-05	0.000000e+00	0.000000e+00
C4439	9074:154:-	3381	0	7.357231e-04	0.000000e+00	0.000000e+00
C4439	9074:83:-	3452	0	9.569146e-05	0.000000e+00	0.000000e+00
C4439	9074:68:-	3467	0	-1.271314e-06	8.234552e-03	1.730000e-02
C4477	9147:10:+	2937	1	-3.673496e-04	0.000000e+00	0.000000e+00
C4477	9147:19:+	2946	1	9.354031e-05	0.000000e+00	0.000000e+00
C4561	9241:83:-	873	2	-1.946207e-04	0.000000e+00	0.000000e+00
C4561	9241:64:-	892	2	-3.131804e-04	1.559064e-01	3.000000e-04
C4641	9362:38:-	383	2	-9.411051e-05	0.000000e+00	0.000000e+00
C4641	9365:129:-	1259	2	-5.714204e-06	0.000000e+00	0.000000e+00
C4641	9365:95:-	1293	2	1.021362e-04	-7.474230e-03	1.170000e-02
C4641	9369:130:-	1907	1	-1.739631e-04	0.000000e+00	0.000000e+00
C4641	9369:116:-	1921	1	-2.691994e-04	0.000000e+00	0.000000e+00
C4641	9369:89:-	1948	2	-2.804175e-04	0.000000e+00	0.000000e+00
C4641	9369:78:-	1959	2	-2.804175e-04	0.000000e+00	0.000000e+00
C4641	9369:47:-	1990	1	-2.691994e-04	0.000000e+00	0.000000e+00
C4641	9369:44:-	1993	1	-1.931273e-04	0.000000e+00	0.000000e+00
C4641	9369:37:-	2000	2	-2.804175e-04	0.000000e+00	0.000000e+00
C4641	9369:21:-	2016	1	-1.739631e-04	0.000000e+00	0.000000e+00
C4641	9369:15:-	2022	1	-1.931273e-04	0.000000e+00	0.000000e+00
C4641	9369:7:-	2030	1	-1.739631e-04	0.000000e+00	0.000000e+00
C4661	9404:81:+	868	1	6.888285e-05	0.000000e+00	0.000000e+00
C4755	9536:14:+	4402	1	-3.783366e-05	0.000000e+00	0.000000e+00
C4783	9576:87:-	5071	1	6.968609e-04	0.000000e+00	0.000000e+00
C4783	9575:26:+	5181	2	-1.032711e-03	0.000000e+00	0.000000e+00
C4783	9575:46:+	5201	2	2.688083e-05	-2.238420e-01	2.000000e-04
C4783	9575:70:+	5225	2	5.158066e-04	1.687641e-01	3.900000e-03
C4783	9575:85:+	5240	2	-4.938245e-06	8.304629e-03	1.400000e-03
C4821	9628:107:-	577	1	6.956257e-04	0.000000e+00	0.000000e+00
C4821	9628:103:-	581	1	-1.784238e-04	0.000000e+00	0.000000e+00
C4821	9628:33:-	651	1	-2.342787e-04	0.000000e+00	0.000000e+00
C4839	9651:109:-	3155	0	-1.544556e-04	0.000000e+00	0.000000e+00
C4869	9687:100:-	3730	1	4.151304e-04	0.000000e+00	0.000000e+00
C4881	9708:35:+	1476	2	-1.424896e-04	0.000000e+00	0.000000e+00
C4881	9708:57:+	1498	2	-5.124887e-04	0.000000e+00	0.000000e+00
C4881	9710:59:+	4374	1	-4.077686e-04	-3.895710e-03	2.000000e-04
C4881	9710:73:+	4388	1	1.290174e-04	0.000000e+00	0.000000e+00
C4887	9718:60:-	3906	0	-3.029438e-04	0.000000e+00	0.000000e+00
C4887	9718:28:-	3938	0	-2.680132e-04	-3.476619e-02	6.630000e-02
C4949	9807:109:+	1362	0	-2.986771e-04	0.000000e+00	0.000000e+00
C5047	9953:101:+	5216	1	-3.808103e-04	0.000000e+00	0.000000e+00
C5067	10003:53:-	805	0	4.743576e-05	0.000000e+00	0.000000e+00
C5071	10020:100:-	5029	2	-9.297766e-06	-1.266813e-02	3.100000e-03
C5071	10020:97:-	5032	2	-9.297766e-06	-4.569275e-02	1.200000e-03
C5071	10020:86:-	5043	2	-9.297766e-06	0.000000e+00	0.000000e+00
C5071	10020:39:-	5090	2	1.521678e-05	-6.525773e-03	3.000000e-04
C5127	10106:62:-	1456	1	-1.651968e-04	2.626323e-02	3.000000e-04
C5175	10201:63:+	3178	2	1.465171e-04	0.000000e+00	0.000000e+00
C5185	10220:48:-	2494	0	-1.451700e-04	0.000000e+00	0.000000e+00
C5193	10236:104:-	2158	0	1.073985e-04	-1.183336e-02	2.800000e-03
C5223	10296:23:-	4863	0	2.024933e-05	0.000000e+00	0.000000e+00
C5229	10302:49:+	4689	0	6.023628e-06	0.000000e+00	0.000000e+00
C5261	10354:128:-	5835	0	-3.156180e-05	0.000000e+00	0.000000e+00
C5261	10354:125:-	5838	0	-3.156180e-05	0.000000e+00	0.000000e+00
C5261	10354:108:-	5855	0	-3.156180e-05	0.000000e+00	0.000000e+00
C5261	10354:79:-	5884	0	-3.156180e-05	0.000000e+00	0.000000e+00
C5261	10354:50:-	5913	0	-3.156180e-05	0.000000e+00	0.000000e+00
C5261	10354:25:-	5938	0	-3.156180e-05	0.000000e+00	0.000000e+00
C5289	10394:69:-	4409	2	-3.100505e-04	0.000000e+00	0.000000e+00
C5415	10602:10:-	4086	1	7.530260e-05	-1.895456e-02	1.000000e-04
C5415	10602:5:-	4091	1	7.530260e-05	0.000000e+00	0.000000e+00
C5429	10622:103:+	2605	0	-4.826069e-04	0.000000e+00	0.000000e+00
C5459	10675:7:+	879	2	-2.566781e-04	0.000000e+00	0.000000e+00
C5459	10675:85:+	957	2	-1.989189e-04	0.000000e+00	0.000000e+00
C5461	10678:24:-	3412	2	8.424650e-05	0.000000e+00	0.000000e+00
C5461	10678:20:-	3416	2	-3.308688e-04	0.000000e+00	0.000000e+00
C5493	10729:16:+	867	1	-4.438250e-04	0.000000e+00	0.000000e+00
C5493	10729:36:+	887	2	-3.697799e-04	0.000000e+00	0.000000e+00
C5493	10729:84:+	935	1	-3.518295e-04	0.000000e+00	0.000000e+00
C5493	10729:116:+	967	2	-3.697799e-04	-1.199308e-01	6.000000e-02
C5495	10733:107:-	3563	2	3.352397e-04	2.932433e-02	8.800000e-03
C5503	10746:18:+	1634	2	8.118884e-05	0.000000e+00	0.000000e+00
C5521	10762:34:-	100	0	3.231123e-04	0.000000e+00	0.000000e+00
C5597	10944:129:-	4893	0	-4.414749e-04	0.000000e+00	0.000000e+00
C5601	10948:116:-	126	0	-4.460820e-04	0.000000e+00	0.000000e+00
C5601	10948:113:-	129	0	-4.460820e-04	-2.335399e-02	2.700000e-03
C5603	10954:115:+	1420	1	-1.301763e-04	0.000000e+00	0.000000e+00
C5679	11090:134:+	3607	0	4.124132e-04	0.000000e+00	0.000000e+00
C5705	11132:89:-	4563	1	-2.769378e-04	0.000000e+00	0.000000e+00
C5705	11132:9:-	4643	1	-7.333005e-04	0.000000e+00	0.000000e+00
C5729	11199:12:+	6223	2	-6.777811e-04	0.000000e+00	0.000000e+00
C5749	11219:43:+	2266	0	-2.856602e-04	0.000000e+00	0.000000e+00
C5757	11240:126:-	4496	1	3.413957e-04	0.000000e+00	0.000000e+00
C5771	11263:21:-	3013	1	-2.192326e-04	0.000000e+00	0.000000e+00
C5789	11306:51:+	5082	0	5.911121e-05	-5.887211e-02	1.800000e-03
C5835	11397:121:+	2001	1	4.550682e-04	1.001698e-01	6.000000e-04
C5885	11498:91:+	4446	2	4.848206e-05	0.000000e+00	0.000000e+00
C5913	11561:53:-	1395	1	-2.246080e-04	9.728414e-03	1.800000e-03
C5915	11568:104:+	2396	0	-9.292903e-04	-7.422251e-02	1.720000e-02
C5945	11646:66:-	3980	0	-2.181167e-04	-2.964122e-01	7.000000e-04
C5945	11646:56:-	3990	1	-9.733590e-05	0.000000e+00	0.000000e+00
C5945	11646:47:-	3999	1	-2.190764e-04	-6.578836e-02	2.000000e-04
C5947	11667:94:-	7293	2	2.942727e-06	0.000000e+00	0.000000e+00
C5955	11682:19:-	3086	0	3.260305e-05	-2.623448e-02	2.000000e-04
C5955	11685:101:-	3717	1	7.574662e-04	0.000000e+00	0.000000e+00
C5969	11704:118:+	5122	1	7.549339e-05	0.000000e+00	0.000000e+00
C6011	11813:97:+	1623	0	5.646627e-05	0.000000e+00	0.000000e+00
C6041	11863:129:-	3430	0	4.561717e-04	0.000000e+00	0.000000e+00
C6041	11863:62:-	3497	0	9.486565e-05	0.000000e+00	0.000000e+00
C6057	11882:40:-	1315	1	1.993534e-05	-3.570893e-04	1.400000e-02
C6123	11992:62:+	302	1	1.495667e-04	0.000000e+00	0.000000e+00
C6131	12007:107:-	4104	2	1.303547e-05	0.000000e+00	0.000000e+00
C6131	12007:45:-	4166	2	1.660472e-04	0.000000e+00	0.000000e+00
C6137	12017:96:-	1813	2	7.667883e-05	0.000000e+00	0.000000e+00
C6137	12017:34:-	1875	2	-7.658264e-05	-4.003174e-02	2.040000e-02
C6147	12039:109:-	1074	0	-2.372360e-04	0.000000e+00	0.000000e+00
C6159	12069:97:-	657	0	-5.808421e-04	-2.290581e-01	3.500000e-03
C6173	12107:16:+	3433	1	-2.322453e-04	0.000000e+00	0.000000e+00
C6175	12117:56:-	7447	0	-7.294665e-05	4.120083e-02	1.700000e-03
C6177	12119:37:-	1519	0	-2.771003e-04	-1.529766e-02	8.000000e-04
C6181	12131:69:-	2648	1	2.761825e-05	0.000000e+00	0.000000e+00
C6183	12136:10:-	4778	1	1.658812e-06	-4.101753e-04	1.250000e-02
C6197	12168:45:+	6503	1	4.747683e-04	0.000000e+00	0.000000e+00
C6207	12186:39:+	2451	1	-3.733967e-04	0.000000e+00	0.000000e+00
C6207	12191:129:-	4829	2	6.891867e-04	0.000000e+00	0.000000e+00
C6215	12202:132:-	1198	2	-2.411631e-04	-1.583759e-01	7.000000e-04
C6225	12226:119:+	8261	1	-1.575605e-04	-6.266798e-02	2.200000e-03
C6237	12247:114:+	3748	1	-3.737591e-04	0.000000e+00	0.000000e+00
C6239	12252:12:-	3548	1	-1.577670e-04	0.000000e+00	0.000000e+00
C6249	12286:85:-	5306	2	-7.714159e-05	0.000000e+00	0.000000e+00
C6249	12286:29:-	5362	2	-8.970338e-05	0.000000e+00	0.000000e+00
C6249	12286:28:-	5363	2	-8.970338e-05	0.000000e+00	0.000000e+00
C6249	12286:13:-	5378	2	-1.166275e-04	-4.193503e-02	3.000000e-04
C6259	12297:72:+	1612	1	-7.036136e-05	0.000000e+00	0.000000e+00
C6259	12297:73:+	1613	1	-5.420096e-05	0.000000e+00	0.000000e+00
C6259	12297:93:+	1633	1	-7.036136e-05	-7.075793e-02	1.500000e-03
C6259	12302:117:+	5090	1	-2.459962e-04	0.000000e+00	0.000000e+00
C6263	12317:97:-	4047	0	4.115130e-04	0.000000e+00	0.000000e+00
C6263	12317:26:-	4118	0	-7.337893e-05	0.000000e+00	0.000000e+00
C6263	12317:18:-	4126	0	-3.068575e-04	-1.702806e-01	1.900000e-03
C6273	12348:88:-	1497	2	2.831656e-04	0.000000e+00	0.000000e+00
C6273	12348:62:-	1523	1	1.604202e-04	0.000000e+00	0.000000e+00
C6273	12348:12:-	1573	2	-2.434381e-04	0.000000e+00	0.000000e+00
C6313	12412:71:+	5558	1	3.921402e-04	0.000000e+00	0.000000e+00
C6313	12417:85:-	8502	0	-7.925492e-05	0.000000e+00	0.000000e+00
C6313	12417:80:-	8507	0	9.603047e-05	0.000000e+00	0.000000e+00
C6325	12451:18:+	8279	2	4.591577e-05	1.389700e-02	9.200000e-03
C6339	12487:16:-	457	2	-3.347871e-05	0.000000e+00	0.000000e+00
C6349	12507:106:-	5052	2	-1.100223e-04	-8.390615e-03	2.010000e-02
C6359	12535:87:-	6552	1	-1.029295e-04	0.000000e+00	0.000000e+00
C6395	12603:108:-	1431	2	-2.010389e-04	0.000000e+00	0.000000e+00
C6395	12603:58:-	1481	2	1.288483e-04	2.642393e-02	2.400000e-03
C6395	12603:31:-	1508	2	1.288483e-04	0.000000e+00	0.000000e+00
C6395	12603:15:-	1524	2	1.288483e-04	0.000000e+00	0.000000e+00
C6401	12625:15:+	825	2	3.295813e-04	0.000000e+00	0.000000e+00
C6423	12659:10:+	202	2	1.009144e-04	-2.134254e-02	7.300000e-03
C6423	12659:56:+	248	2	-2.160226e-05	0.000000e+00	0.000000e+00
C6423	12659:78:+	270	2	-8.196369e-05	-8.895321e-02	3.300000e-03
C6455	12738:111:-	8341	2	-1.831346e-05	-7.515969e-02	7.000000e-04
C6455	12738:98:-	8354	2	3.508653e-04	0.000000e+00	0.000000e+00
C6481	12768:130:-	5279	1	6.767383e-05	9.973111e-01	3.879000e-01
C6481	12768:49:-	5360	1	6.759813e-07	0.000000e+00	0.000000e+00
C6487	12773:105:-	1160	2	-4.221895e-05	0.000000e+00	0.000000e+00
C6487	12773:104:-	1161	2	-4.221895e-05	0.000000e+00	0.000000e+00
C6499	12817:47:+	7630	0	-1.689849e-04	0.000000e+00	0.000000e+00
C6507	12824:105:-	445	1	-2.871507e-04	0.000000e+00	0.000000e+00
C6507	12824:84:-	466	1	-2.188346e-04	0.000000e+00	0.000000e+00
C6507	12824:32:-	518	1	-1.168928e-04	0.000000e+00	0.000000e+00
C6511	12845:92:+	6614	0	1.140323e-04	0.000000e+00	0.000000e+00
C6531	12880:85:-	2926	1	5.202485e-04	0.000000e+00	0.000000e+00
C6567	12998:20:+	6571	2	-3.526655e-05	0.000000e+00	0.000000e+00
C6579	13023:58:-	638	2	1.990613e-04	0.000000e+00	0.000000e+00
C6591	13043:141:+	436	2	-2.501405e-04	0.000000e+00	0.000000e+00
C6599	13065:126:-	1140	1	4.416268e-04	1.164793e-02	1.000000e-04
C6607	13079:56:-	2780	2	-3.479536e-04	0.000000e+00	0.000000e+00
C6649	13194:115:-	5094	0	6.632797e-05	0.000000e+00	0.000000e+00
C6691	13254:26:-	2019	0	-1.465428e-05	0.000000e+00	0.000000e+00
C6691	13254:21:-	2024	0	-1.203012e-04	-1.499796e-02	3.000000e-04
C6699	13282:115:-	3115	1	6.472250e-05	1.849391e-02	2.000000e-04
C6703	13295:40:+	5300	0	3.567534e-04	0.000000e+00	0.000000e+00
C6733	13361:122:-	4704	1	-9.615553e-05	0.000000e+00	0.000000e+00
C6733	13361:118:-	4708	1	-1.858943e-04	0.000000e+00	0.000000e+00
C6733	13361:110:-	4716	0	-1.717143e-04	-7.608114e-02	2.000000e-04
C6733	13366:28:+	7118	2	-1.388635e-04	0.000000e+00	0.000000e+00
C6743	13387:24:-	8995	1	-1.692127e-04	1.747437e-02	5.800000e-03
C6759	13415:110:+	4632	0	1.922860e-05	0.000000e+00	0.000000e+00
C6761	13422:115:+	4235	2	-1.775020e-04	0.000000e+00	0.000000e+00
C6761	13422:129:+	4249	2	4.835637e-05	0.000000e+00	0.000000e+00
C6777	13454:46:-	3788	0	-2.097218e-05	0.000000e+00	0.000000e+00
C6789	13506:121:+	6124	2	2.564763e-05	0.000000e+00	0.000000e+00
C6799	13533:118:+	1533	2	-2.608426e-04	-6.965708e-02	1.000000e-04
C6809	13549:86:-	9142	2	8.065241e-04	0.000000e+00	0.000000e+00
C6809	13549:56:-	9172	2	1.894437e-05	0.000000e+00	0.000000e+00
C6835	13662:33:+	892	0	4.088197e-05	0.000000e+00	0.000000e+00
C6859	13735:67:-	6215	0	5.642918e-05	0.000000e+00	0.000000e+00
C6863	13746:45:-	9970	2	1.252028e-04	0.000000e+00	0.000000e+00
C6893	13806:120:-	3911	2	-1.374176e-04	0.000000e+00	0.000000e+00
C6893	13806:48:-	3983	2	-1.674127e-04	0.000000e+00	0.000000e+00
C6977	13975:28:-	7729	2	4.333660e-04	0.000000e+00	0.000000e+00
C6993	14000:84:+	10169	0	-3.330853e-04	0.000000e+00	0.000000e+00
C7003	14025:24:-	10249	0	7.196728e-05	0.000000e+00	0.000000e+00
C7029	14074:20:+	8820	0	1.999187e-05	-1.429384e-02	1.000000e-03
C7033	14087:18:+	261	0	6.288837e-06	0.000000e+00	0.000000e+00
C7033	14087:55:+	298	0	2.788430e-05	-8.186623e-03	6.000000e-03
C7037	14117:32:-	8924	2	-3.618754e-04	0.000000e+00	0.000000e+00
C7037	14117:20:-	8936	2	8.070685e-04	0.000000e+00	0.000000e+00
C7057	14180:106:+	1332	2	-2.773826e-04	0.000000e+00	0.000000e+00
C7063	14215:18:-	6458	0	-6.194267e-05	0.000000e+00	0.000000e+00
C7083	14265:88:+	10320	0	-4.302689e-04	0.000000e+00	0.000000e+00
C7099	14318:64:+	6557	2	-3.532627e-05	0.000000e+00	0.000000e+00
C7099	14318:78:+	6571	2	-3.532627e-05	0.000000e+00	0.000000e+00
C7103	14327:22:+	10193	1	8.390777e-05	0.000000e+00	0.000000e+00
C7107	14335:43:+	447	0	-5.285865e-04	0.000000e+00	0.000000e+00
C7109	14345:55:+	5953	2	-1.212458e-04	0.000000e+00	0.000000e+00
C7109	14345:67:+	5965	2	1.230321e-03	5.151541e-02	1.000000e-02
C7109	14345:92:+	5990	2	1.230321e-03	0.000000e+00	0.000000e+00
C7123	14400:92:+	8245	2	-2.083457e-04	0.000000e+00	0.000000e+00
C7169	14539:9:+	6723	1	-2.264857e-04	0.000000e+00	0.000000e+00
C7173	14570:96:+	8344	2	-1.846033e-04	0.000000e+00	0.000000e+00
C7173	14570:111:+	8359	2	1.437966e-04	0.000000e+00	0.000000e+00
C7173	14573:70:-	8691	2	9.732844e-05	0.000000e+00	0.000000e+00
C7173	14573:40:-	8721	2	9.732844e-05	0.000000e+00	0.000000e+00
C7181	14593:27:-	8269	0	-4.494409e-04	0.000000e+00	0.000000e+00
C7191	14627:121:-	7619	2	7.800942e-05	0.000000e+00	0.000000e+00
C7195	14642:56:+	5930	1	-2.322453e-04	0.000000e+00	0.000000e+00
C7197	14662:46:+	10943	0	-7.139566e-04	0.000000e+00	0.000000e+00
C7225	14750:106:-	6595	2	-3.959507e-04	0.000000e+00	0.000000e+00
C7225	14750:97:-	6604	2	4.350836e-04	0.000000e+00	0.000000e+00
C7263	14880:62:-	8565	2	-2.448810e-04	-9.986228e-02	8.000000e-04
C7277	14921:110:+	8724	1	-3.251479e-04	-2.663496e-03	5.400000e-03
C7299	14994:54:+	1465	2	-4.454542e-04	0.000000e+00	0.000000e+00
C7315	15049:16:+	7168	0	4.682716e-04	0.000000e+00	0.000000e+00
C7319	15054:51:-	7397	0	-5.517720e-04	0.000000e+00	0.000000e+00
C7327	15095:10:-	11216	2	-1.886749e-04	0.000000e+00	0.000000e+00
C7333	15120:29:-	5414	2	1.584147e-04	0.000000e+00	0.000000e+00
C7333	15126:66:+	7669	2	-3.047546e-04	0.000000e+00	0.000000e+00
C7353	15175:117:-	6168	2	-1.238871e-04	0.000000e+00	0.000000e+00
C7361	15209:50:+	3561	2	4.283532e-04	0.000000e+00	0.000000e+00
C7361	15209:52:+	3563	2	4.283532e-04	1.030505e-01	2.100000e-03
C7381	15264:63:+	7584	0	-2.258351e-04	0.000000e+00	0.000000e+00
C7397	15306:90:+	11484	0	-2.572464e-05	0.000000e+00	0.000000e+00
C7429	15394:5:-	10202	0	8.199550e-04	0.000000e+00	0.000000e+00
C7451	15439:127:+	4250	2	-8.716816e-05	0.000000e+00	0.000000e+00
C7475	15513:109:-	4948	2	-2.809401e-04	0.000000e+00	0.000000e+00
C7489	15576:82:-	8628	2	-5.027574e-04	0.000000e+00	0.000000e+00
C7497	15597:12:+	5150	0	9.746004e-04	0.000000e+00	0.000000e+00
C7523	15672:120:-	11991	2	-1.069398e-04	0.000000e+00	0.000000e+00
C7527	15686:85:-	9857	2	-3.829508e-04	0.000000e+00	0.000000e+00
C7527	15687:63:-	10334	0	9.867349e-05	-3.743545e-02	1.000000e-04
C7527	15690:139:-	11183	1	-1.573338e-04	0.000000e+00	0.000000e+00
C7535	15709:40:-	10767	0	6.022660e-04	0.000000e+00	0.000000e+00
C7535	15709:28:-	10779	0	-1.673547e-04	0.000000e+00	0.000000e+00
C7559	15776:23:+	5790	2	2.892896e-05	0.000000e+00	0.000000e+00
C7559	15776:89:+	5856	2	2.788779e-05	0.000000e+00	0.000000e+00
C7559	15778:32:+	9742	2	-2.537457e-04	5.234486e-02	4.200000e-03
C7561	15794:102:-	11540	2	1.379476e-04	0.000000e+00	0.000000e+00
C7561	15794:50:-	11592	2	1.260825e-04	4.252416e-02	2.800000e-03
C7561	15794:40:-	11602	2	1.260825e-04	0.000000e+00	0.000000e+00
C7569	15808:15:+	6554	0	5.642918e-05	0.000000e+00	0.000000e+00
C7569	15808:98:+	6637	0	5.642918e-05	0.000000e+00	0.000000e+00
C7625	15998:72:-	10545	1	2.346079e-04	0.000000e+00	0.000000e+00
C7631	16020:108:-	10689	2	4.388007e-04	0.000000e+00	0.000000e+00
C7637	16048:59:+	11685	1	-2.912789e-04	0.000000e+00	0.000000e+00
C7637	16048:68:+	11694	2	9.964109e-06	0.000000e+00	0.000000e+00
C7647	16081:125:+	1968	2	-2.261193e-04	-1.240005e-01	6.070000e-02
C7699	16262:83:+	3842	0	-3.201356e-04	0.000000e+00	0.000000e+00
C7699	16262:112:+	3871	0	6.409693e-05	0.000000e+00	0.000000e+00
C7737	16427:88:-	9863	0	1.444143e-06	0.000000e+00	0.000000e+00
C7737	16427:22:-	9929	0	9.356191e-05	0.000000e+00	0.000000e+00
C7739	16428:118:+	4788	1	-2.317539e-04	0.000000e+00	0.000000e+00
C7741	16434:9:+	1610	1	4.673161e-05	0.000000e+00	0.000000e+00
C7775	16552:82:+	2667	1	-7.777108e-04	0.000000e+00	0.000000e+00
C7821	16735:41:+	3185	1	-7.380007e-04	0.000000e+00	0.000000e+00
C7827	16762:85:+	10178	0	1.630638e-04	4.408190e-02	1.000000e-04
C7827	16762:134:+	10227	1	-2.026842e-04	0.000000e+00	0.000000e+00
C7827	16762:135:+	10228	1	1.454832e-04	1.603824e-02	3.100000e-03
C7837	16778:12:+	13829	1	1.206164e-04	0.000000e+00	0.000000e+00
C7885	16903:73:-	1168	2	-1.311393e-04	-3.756459e-02	2.300000e-03
C7885	16903:55:-	1186	2	7.722584e-05	0.000000e+00	0.000000e+00
C7885	16914:41:+	12452	0	-3.340158e-04	0.000000e+00	0.000000e+00
C7887	16920:16:-	8086	1	4.962622e-05	0.000000e+00	0.000000e+00
C7891	16945:33:+	7306	2	2.928421e-04	0.000000e+00	0.000000e+00
C7901	16990:123:-	289	0	3.564743e-04	4.933926e-02	1.030000e-02
C7901	16990:56:-	356	0	5.031151e-04	1.133654e-01	2.000000e-04
C7905	17023:61:-	5490	1	1.560735e-04	0.000000e+00	0.000000e+00
C7975	17295:117:-	5028	2	6.274476e-04	2.496622e-03	1.000000e-04
C7975	17295:13:-	5132	2	1.071750e-04	0.000000e+00	0.000000e+00
C7995	17360:131:-	10910	2	4.544162e-05	0.000000e+00	0.000000e+00
C7995	17360:93:-	10948	2	4.544162e-05	-2.695495e-02	4.000000e-04
C7995	17360:87:-	10954	2	4.544162e-05	1.133152e-02	4.320000e-02
C7995	17360:81:-	10960	2	4.544162e-05	0.000000e+00	0.000000e+00
C7995	17360:76:-	10965	2	4.544162e-05	0.000000e+00	0.000000e+00
C7995	17360:5:-	11036	2	4.544162e-05	0.000000e+00	0.000000e+00
C8005	17378:118:-	4677	2	3.119736e-04	0.000000e+00	0.000000e+00
C8005	17378:110:-	4685	2	3.619865e-05	0.000000e+00	0.000000e+00
C8005	17378:93:-	4702	2	1.008678e-04	1.128812e-02	1.500000e-03
C8013	17405:99:-	14996	2	1.900365e-04	0.000000e+00	0.000000e+00
C8013	17405:22:-	15073	1	1.662674e-04	0.000000e+00	0.000000e+00
C8013	17405:11:-	15084	0	1.481924e-03	0.000000e+00	0.000000e+00
C8013	17405:10:-	15085	0	1.481924e-03	0.000000e+00	0.000000e+00
C8013	17405:8:-	15087	1	-9.535921e-05	0.000000e+00	0.000000e+00
C8023	17432:133:+	4973	2	6.306469e-05	0.000000e+00	0.000000e+00
C8023	17444:108:-	8515	2	-1.483733e-04	0.000000e+00	0.000000e+00
C8023	17446:92:-	9410	0	-1.177245e-06	0.000000e+00	0.000000e+00
C8023	17446:81:-	9421	0	7.353549e-05	0.000000e+00	0.000000e+00
C8023	17446:74:-	9428	2	1.901456e-04	-2.472825e-02	8.000000e-04
C8023	17445:71:+	9570	0	6.179198e-04	3.615022e-02	1.000000e-04
C8023	17445:107:+	9606	0	-1.938477e-04	0.000000e+00	0.000000e+00
C8025	17452:97:-	1353	1	9.326477e-04	1.519538e-01	7.610000e-02
C8025	17452:95:-	1355	1	-1.268452e-05	-7.677097e-02	3.800000e-03
C8025	17452:78:-	1372	1	-2.038758e-04	5.562771e-03	8.000000e-04
C8071	17631:105:+	3467	2	7.876708e-05	0.000000e+00	0.000000e+00
C8083	17702:44:-	8546	1	3.809246e-05	0.000000e+00	0.000000e+00
C8083	17706:45:+	15568	1	3.437928e-04	7.472544e-02	1.000000e-04
C8083	17706:108:+	15631	1	-4.284687e-05	0.000000e+00	0.000000e+00
C8085	17716:61:-	10111	0	2.318143e-04	0.000000e+00	0.000000e+00
C8085	17716:52:-	10120	0	9.360858e-05	0.000000e+00	0.000000e+00
C8085	17716:41:-	10131	0	2.319196e-05	0.000000e+00	0.000000e+00
C8099	17819:11:+	15116	2	-2.091325e-04	0.000000e+00	0.000000e+00
C8099	17819:28:+	15133	2	-2.091325e-04	0.000000e+00	0.000000e+00
C8099	17819:65:+	15170	2	-2.091325e-04	0.000000e+00	0.000000e+00
C8099	17819:79:+	15184	2	-2.091325e-04	0.000000e+00	0.000000e+00
C8107	17842:63:-	2082	2	3.048360e-04	0.000000e+00	0.000000e+00
C8143	18027:75:-	9378	0	8.856528e-05	0.000000e+00	0.000000e+00
C8143	18027:40:-	9413	0	8.856528e-05	0.000000e+00	0.000000e+00
C8165	18124:68:-	11098	1	-1.185857e-04	0.000000e+00	0.000000e+00
C8171	18164:128:+	8217	2	-3.321654e-04	-1.763912e-02	1.000000e-04
C8173	18174:121:-	2977	0	6.409693e-05	-7.208719e-02	5.200000e-03
C8173	18174:22:-	3076	0	5.067099e-04	0.000000e+00	0.000000e+00
C8199	18323:48:-	10380	2	-6.907708e-05	0.000000e+00	0.000000e+00
C8199	18323:6:-	10422	2	5.164928e-05	0.000000e+00	0.000000e+00
C8203	18356:60:-	12059	1	-1.107805e-04	0.000000e+00	0.000000e+00
C8229	18524:139:-	1203	0	-1.883595e-04	0.000000e+00	0.000000e+00
C8229	18524:82:-	1260	0	-6.055195e-04	4.138842e-02	1.000000e-04
C8233	18565:73:+	10268	0	1.581733e-04	0.000000e+00	0.000000e+00
C8243	18629:71:+	2387	0	1.637480e-05	0.000000e+00	0.000000e+00
C8243	18632:86:+	3440	1	-5.685107e-04	0.000000e+00	0.000000e+00
C8265	18730:68:-	11760	2	-3.524187e-04	0.000000e+00	0.000000e+00
C8265	18730:47:-	11781	2	-3.524187e-04	0.000000e+00	0.000000e+00
C8297	18841:73:-	15258	1	-7.088055e-05	8.669316e-02	2.000000e-03
C8299	18857:132:-	12285	1	1.847439e-05	-3.848999e-02	3.000000e-04
C8299	18857:20:-	12397	1	-6.642941e-05	0.000000e+00	0.000000e+00
C8299	18859:114:-	13493	1	-2.671517e-04	0.000000e+00	0.000000e+00
C8309	18880:38:-	1812	1	-2.227970e-05	0.000000e+00	0.000000e+00
C8309	18880:11:-	1839	1	-6.204665e-06	0.000000e+00	0.000000e+00
C8309	18879:26:+	1873	1	-2.790080e-04	0.000000e+00	0.000000e+00
C8309	18879:121:+	1968	1	5.489170e-04	0.000000e+00	0.000000e+00
C8311	18886:111:-	1233	2	4.265274e-04	0.000000e+00	0.000000e+00
C8311	18886:82:-	1262	2	4.265274e-04	0.000000e+00	0.000000e+00
C8311	18886:79:-	1265	2	4.265274e-04	-1.641436e-01	1.000000e-04
C8311	18886:74:-	1270	2	4.265274e-04	5.109936e-02	1.400000e-03
C8311	18886:18:-	1326	1	6.516147e-05	0.000000e+00	0.000000e+00
C8311	18886:5:-	1339	1	6.516147e-05	0.000000e+00	0.000000e+00
C8311	18893:39:+	14857	1	1.033577e-04	0.000000e+00	0.000000e+00
C8327	18955:129:-	3816	2	-4.672262e-04	0.000000e+00	0.000000e+00
C8333	19013:107:+	15863	0	9.342129e-05	0.000000e+00	0.000000e+00
C8343	19054:59:+	3429	0	8.796926e-05	0.000000e+00	0.000000e+00
C8347	19092:102:+	7481	0	1.723331e-04	0.000000e+00	0.000000e+00
C8351	19108:46:+	1367	1	-1.333218e-04	0.000000e+00	0.000000e+00
C8353	19146:53:-	13492	0	1.239609e-04	4.204556e-03	1.210000e-02
C8363	19196:57:+	9526	0	1.024844e-03	5.309369e-02	8.000000e-03
C8365	19214:27:-	10099	2	7.846209e-05	0.000000e+00	0.000000e+00
C8367	19227:108:-	3974	1	8.409732e-05	0.000000e+00	0.000000e+00
C8367	19227:107:-	3975	1	-4.112990e-05	0.000000e+00	0.000000e+00
C8371	19256:138:+	16875	2	-2.411631e-04	0.000000e+00	0.000000e+00
C8373	19272:37:-	12859	1	-8.428492e-05	0.000000e+00	0.000000e+00
C8373	19272:19:-	12877	0	-3.029438e-04	0.000000e+00	0.000000e+00
C8377	19296:65:+	5862	1	-6.416215e-04	-3.419794e-02	1.050000e-02
C8377	19296:126:+	5923	1	-6.416215e-04	0.000000e+00	0.000000e+00
C8377	19305:130:+	11527	2	-4.752713e-05	0.000000e+00	0.000000e+00
C8385	19364:127:-	10348	2	-3.568819e-04	-4.852621e-02	2.400000e-03
C8389	19383:62:+	13225	2	-2.024584e-04	0.000000e+00	0.000000e+00
C8393	19395:130:-	10401	2	-2.687976e-04	0.000000e+00	0.000000e+00
C8423	19513:55:-	2860	2	-3.556679e-04	-4.843479e-02	3.400000e-03
C8443	19638:103:+	5764	0	1.158759e-04	0.000000e+00	0.000000e+00
C8443	19643:33:-	10871	1	-1.408624e-04	0.000000e+00	0.000000e+00
C8447	19673:107:+	8799	0	-7.662836e-05	0.000000e+00	0.000000e+00
C8465	19725:69:+	6896	0	4.907733e-04	0.000000e+00	0.000000e+00
C8465	19725:102:+	6929	0	-6.060183e-04	0.000000e+00	0.000000e+00
C8481	19814:95:+	6489	1	-3.340841e-04	0.000000e+00	0.000000e+00
C8481	19827:96:+	18636	2	3.312129e-04	2.590261e-02	4.000000e-04
C8493	19874:138:+	1282	0	-2.578356e-05	0.000000e+00	0.000000e+00
C8493	19878:109:+	3084	1	-3.593680e-04	-1.877058e-02	3.900000e-03
C8493	19878:132:+	3107	0	4.157645e-04	0.000000e+00	0.000000e+00
C8493	19878:139:+	3114	0	4.157645e-04	0.000000e+00	0.000000e+00
C8509	19946:33:+	589	1	5.454983e-05	0.000000e+00	0.000000e+00
C8509	19946:95:+	651	1	-3.402504e-05	-2.109274e-02	2.400000e-03
C8509	19961:87:+	13948	0	1.213309e-04	2.441321e-03	7.000000e-04
C8509	19961:115:+	13976	0	-2.870180e-04	-7.852039e-02	7.900000e-03
C8509	19961:124:+	13985	0	-5.162308e-04	0.000000e+00	0.000000e+00
C8511	19998:63:-	9442	1	-1.084283e-04	0.000000e+00	0.000000e+00
C8523	20092:18:+	7665	2	1.889456e-05	0.000000e+00	0.000000e+00
C8523	20092:138:+	7785	2	-4.555540e-06	0.000000e+00	0.000000e+00
C8523	20097:124:-	8764	2	-5.754066e-04	0.000000e+00	0.000000e+00
C8523	20097:106:-	8782	2	1.063584e-03	1.419664e-01	2.300000e-03
C8523	20097:45:-	8843	2	1.063584e-03	0.000000e+00	0.000000e+00
C8543	20217:41:-	13229	2	1.009144e-04	0.000000e+00	0.000000e+00
C8543	20219:10:-	16948	2	1.275479e-04	0.000000e+00	0.000000e+00
C8545	20226:78:+	2532	1	-2.967409e-04	-1.589535e-01	3.000000e-03
C8545	20226:94:+	2548	1	-2.461020e-04	0.000000e+00	0.000000e+00
C8545	20226:121:+	2575	1	-2.200282e-04	-4.955362e-02	5.000000e-04
C8569	20345:15:-	8630	2	4.165034e-05	4.675679e-02	7.000000e-03
C8579	20394:17:+	2808	2	5.062701e-05	0.000000e+00	0.000000e+00
C8579	20394:51:+	2842	2	-4.265457e-05	0.000000e+00	0.000000e+00
C8589	20452:35:+	100	0	1.172477e-04	-3.180266e-02	1.700000e-03
C8593	20466:96:-	11486	0	-3.037060e-04	-2.092689e-01	4.338000e-01
C8597	20476:93:+	457	2	1.077640e-04	-4.744499e-02	1.000000e-04
C8597	20493:123:+	17437	0	-6.189869e-04	0.000000e+00	0.000000e+00
C8615	20589:77:+	3634	0	-3.004121e-04	-1.447392e-01	2.000000e-04
C8615	20600:110:-	13988	0	2.477956e-04	0.000000e+00	0.000000e+00
C8615	20600:70:-	14028	0	5.587375e-04	0.000000e+00	0.000000e+00
C8633	20679:8:+	17153	0	-6.234959e-04	0.000000e+00	0.000000e+00
C8633	20679:26:+	17171	0	2.501549e-04	0.000000e+00	0.000000e+00
C8647	20751:13:-	4086	1	9.248109e-04	0.000000e+00	0.000000e+00
C8651	20771:130:+	11850	2	-8.463578e-05	0.000000e+00	0.000000e+00
C8655	20801:68:+	13010	0	-3.979647e-04	0.000000e+00	0.000000e+00
C8655	20801:123:+	13065	0	-1.604669e-04	2.792279e-02	2.300000e-03
C8655	20805:7:+	17271	1	-2.059847e-05	-5.960957e-02	5.000000e-04
C8657	20832:41:-	8174	1	-1.572796e-04	0.000000e+00	0.000000e+00
C8667	20872:83:+	7021	2	1.108468e-04	0.000000e+00	0.000000e+00
C8669	20880:19:+	14973	1	-2.920487e-05	0.000000e+00	0.000000e+00
C8673	20905:108:+	18196	1	-6.069834e-04	0.000000e+00	0.000000e+00
C8683	20949:37:+	1428	2	-5.473834e-04	1.534225e-02	8.900000e-03
C8687	20978:84:-	4197	2	6.773881e-05	0.000000e+00	0.000000e+00
C8691	21009:21:+	20768	1	-6.915969e-04	0.000000e+00	0.000000e+00
C8705	21068:37:+	1163	2	-1.356421e-04	0.000000e+00	0.000000e+00
C8705	21071:112:-	3154	2	-1.139080e-04	3.617245e-02	7.000000e-04
C8715	21151:52:-	17494	0	3.817835e-05	0.000000e+00	0.000000e+00
C8715	21151:40:-	17506	0	8.639656e-05	0.000000e+00	0.000000e+00
C8717	21167:58:+	20267	1	-1.795400e-04	0.000000e+00	0.000000e+00
C8717	21171:43:-	20619	2	1.026881e-04	0.000000e+00	0.000000e+00
C8729	21220:133:-	936	1	-1.564434e-04	0.000000e+00	0.000000e+00
C8731	21238:8:-	2255	2	1.334952e-04	0.000000e+00	0.000000e+00
C8761	21348:69:+	3135	2	-3.443405e-05	0.000000e+00	0.000000e+00
C8761	21362:128:-	16287	2	-2.926407e-04	0.000000e+00	0.000000e+00
C8801	21583:40:-	21262	2	-3.347349e-04	0.000000e+00	0.000000e+00
C8807	21616:52:+	18593	2	-9.434878e-05	0.000000e+00	0.000000e+00
C8817	21672:124:-	21069	0	-3.642871e-05	0.000000e+00	0.000000e+00
C8817	21672:77:-	21116	0	-5.173971e-05	0.000000e+00	0.000000e+00
C8825	21710:8:+	670	0	-4.276302e-05	0.000000e+00	0.000000e+00
C8825	21713:106:-	3882	0	7.309151e-05	0.000000e+00	0.000000e+00
C8825	21713:67:-	3921	0	-1.225139e-04	0.000000e+00	0.000000e+00
C8829	21761:121:+	7071	1	-3.893334e-04	-1.979139e-01	4.287000e-01
C8829	21773:12:+	15954	0	7.668284e-04	0.000000e+00	0.000000e+00
C8835	21799:27:+	14311	1	3.765320e-04	0.000000e+00	0.000000e+00
C8835	21799:36:+	14320	1	-3.710920e-04	0.000000e+00	0.000000e+00
C8837	21811:98:-	7341	0	-1.891704e-04	0.000000e+00	0.000000e+00
C8843	21877:80:+	16855	0	6.409693e-05	0.000000e+00	0.000000e+00
C8849	21919:14:-	14727	0	-5.904571e-04	0.000000e+00	0.000000e+00
C8853	21960:47:+	326	2	-5.995795e-04	0.000000e+00	0.000000e+00
C8853	21960:64:+	343	2	3.986499e-05	0.000000e+00	0.000000e+00
C8853	21960:69:+	348	2	-1.411686e-04	0.000000e+00	0.000000e+00
C8853	21960:97:+	376	2	-6.199068e-04	0.000000e+00	0.000000e+00
C8857	21993:98:+	3055	0	-2.282161e-04	1.960208e-02	7.000000e-04
C8863	22037:113:+	11645	2	-1.084278e-04	-2.885883e-02	2.000000e-04
C8863	22037:121:+	11653	2	-1.084278e-04	0.000000e+00	0.000000e+00
C8889	22131:56:-	8742	1	1.602950e-05	9.065047e-04	2.000000e-04
C8897	22202:121:+	15760	0	-4.302689e-04	0.000000e+00	0.000000e+00
C8903	22249:76:+	4933	2	4.456333e-05	0.000000e+00	0.000000e+00
C8903	22254:79:-	9248	2	9.595459e-05	0.000000e+00	0.000000e+00
C8903	22254:66:-	9261	2	-2.675662e-05	0.000000e+00	0.000000e+00
C8909	22291:16:+	20166	2	-5.077152e-04	0.000000e+00	0.000000e+00
C8915	22331:56:-	19598	2	1.369121e-04	0.000000e+00	0.000000e+00
C8917	22338:98:-	459	0	-1.586836e-04	0.000000e+00	0.000000e+00
C8917	22338:96:-	461	0	-9.739274e-05	-1.722672e-02	4.000000e-04
C8917	22338:84:-	473	0	-9.739274e-05	0.000000e+00	0.000000e+00
C8917	22338:72:-	485	0	-9.739274e-05	0.000000e+00	0.000000e+00
C8917	22338:66:-	491	0	-9.739274e-05	0.000000e+00	0.000000e+00
C8917	22338:57:-	500	0	-9.739274e-05	0.000000e+00	0.000000e+00
C8917	22338:51:-	506	0	-9.739274e-05	0.000000e+00	0.000000e+00
C8917	22338:32:-	525	0	-9.739274e-05	0.000000e+00	0.000000e+00
C8917	22338:16:-	541	0	-9.739274e-05	0.000000e+00	0.000000e+00
C8917	22338:10:-	547	0	-9.739274e-05	0.000000e+00	0.000000e+00
C8927	22424:53:-	8832	2	-4.390927e-06	8.578570e-02	3.000000e-04
C8955	22543:126:-	18482	0	4.923695e-04	0.000000e+00	0.000000e+00
C8955	22543:102:-	18506	0	4.923695e-04	0.000000e+00	0.000000e+00
C8955	22543:60:-	18548	0	4.923695e-04	0.000000e+00	0.000000e+00
C8955	22543:21:-	18587	0	4.923695e-04	1.086440e-01	1.800000e-03
C8955	22543:6:-	18602	0	4.923695e-04	0.000000e+00	0.000000e+00
C8959	22572:42:+	22866	1	3.247369e-04	7.524564e-02	6.000000e-04
C8971	22610:30:+	22587	2	-6.059900e-05	0.000000e+00	0.000000e+00
C8983	22670:94:-	3914	1	-4.500261e-05	0.000000e+00	0.000000e+00
C8983	22670:57:-	3951	2	5.992765e-04	2.497057e-02	6.000000e-04
C8991	22735:123:-	18996	0	-2.181167e-04	-5.332150e-02	4.000000e-03
C8991	22735:80:-	19039	2	3.131363e-04	0.000000e+00	0.000000e+00
C9011	22893:39:-	11029	2	-3.972062e-05	-2.400340e-02	1.800000e-03
C9033	23001:84:-	13713	0	-2.591364e-04	0.000000e+00	0.000000e+00
C9033	23001:72:-	13725	0	-9.411086e-06	0.000000e+00	0.000000e+00
C9043	23056:16:-	9593	2	-2.922434e-04	-4.065874e-01	8.000000e-04
C9045	23071:88:-	14606	1	1.134411e-03	8.749645e-02	1.400000e-03
C9049	23104:78:-	4813	2	7.975660e-05	0.000000e+00	0.000000e+00
C9057	23175:122:-	14670	0	3.999605e-04	2.545624e-01	1.543000e-01
C9061	23199:112:-	1806	0	-4.841618e-05	0.000000e+00	0.000000e+00
C9061	23199:34:-	1884	0	-2.596094e-04	-2.722659e-02	1.800000e-03
C9061	23199:19:-	1899	0	-4.841618e-05	0.000000e+00	0.000000e+00
C9067	23267:74:-	18405	2	3.313029e-04	0.000000e+00	0.000000e+00
C9067	23266:84:+	18560	1	-3.195944e-04	-3.738671e-02	2.600000e-03
C9095	23419:12:-	5991	1	-4.042686e-04	0.000000e+00	0.000000e+00
C9099	23462:112:+	1158	2	-6.639206e-04	0.000000e+00	0.000000e+00
C9099	23462:118:+	1164	2	5.085011e-04	0.000000e+00	0.000000e+00
C9099	23475:113:-	15416	0	-3.927708e-04	0.000000e+00	0.000000e+00
C9101	23503:19:+	15153	2	-2.411631e-04	-4.657034e-02	1.000000e-03
C9107	23545:49:+	26178	1	8.344785e-05	0.000000e+00	0.000000e+00
C9107	23545:96:+	26225	1	-2.043779e-05	4.302302e-02	1.000000e-04
C9123	23658:58:+	19100	2	5.793644e-04	-1.116919e-01	1.700000e-03
C9123	23658:98:+	19140	2	2.415587e-04	-4.797437e-02	4.700000e-03
C9127	23677:35:-	22666	1	4.130139e-06	0.000000e+00	0.000000e+00
C9141	23775:115:-	16379	2	3.164621e-05	0.000000e+00	0.000000e+00
C9145	23830:118:-	24842	1	-8.978878e-05	0.000000e+00	0.000000e+00
C9145	23830:98:-	24862	2	-1.212370e-04	-2.220321e-01	4.106000e-01
C9149	23864:109:-	24087	2	-1.586369e-04	0.000000e+00	0.000000e+00
C9173	24010:134:-	22274	2	-4.221642e-04	0.000000e+00	0.000000e+00
C9175	24028:23:-	27228	1	-2.910046e-04	0.000000e+00	0.000000e+00
C9193	24163:105:-	23426	2	-1.842856e-04	0.000000e+00	0.000000e+00
C9213	24344:135:+	4827	2	-4.704835e-04	0.000000e+00	0.000000e+00
C9215	24413:126:-	25582	2	-2.411631e-04	0.000000e+00	0.000000e+00
C9217	24437:76:+	20584	0	-2.181167e-04	1.400714e-02	9.000000e-04
C9217	24437:111:+	20619	0	-2.432929e-04	0.000000e+00	0.000000e+00
C9217	24444:90:-	25271	1	-2.078386e-04	0.000000e+00	0.000000e+00
C9219	24454:138:+	1792	1	-1.908240e-05	0.000000e+00	0.000000e+00
C9223	24486:55:+	17265	2	-7.531575e-04	4.857158e-01	1.000000e-03
C9223	24486:59:+	17269	2	9.625415e-05	0.000000e+00	0.000000e+00
C9235	24565:66:+	20424	0	-3.029438e-04	0.000000e+00	0.000000e+00
C9239	24625:29:+	25308	0	2.251264e-04	0.000000e+00	0.000000e+00
C9249	24659:128:+	19225	0	-2.559133e-04	0.000000e+00	0.000000e+00
C9249	24659:130:+	19227	0	5.191685e-05	-5.525868e-01	9.992000e-01
C9249	24665:90:-	22231	1	7.118092e-05	0.000000e+00	0.000000e+00
C9251	24676:32:+	14896	2	-2.411631e-04	0.000000e+00	0.000000e+00
C9255	24707:40:+	5969	1	7.528504e-05	0.000000e+00	0.000000e+00
C9263	24767:120:-	13403	1	1.470816e-04	1.250310e-03	6.000000e-04
C9269	24800:92:+	8815	2	9.338996e-06	0.000000e+00	0.000000e+00
C9271	24830:91:-	1256	1	-5.996893e-04	0.000000e+00	0.000000e+00
C9271	24830:77:-	1270	1	-2.256933e-06	3.758954e-02	4.000000e-04
C9271	24830:71:-	1276	1	-2.256933e-06	0.000000e+00	0.000000e+00
C9273	24865:24:-	25436	1	-9.918504e-05	3.244539e-02	1.280000e-02
C9281	24927:91:+	222	1	-1.989405e-04	0.000000e+00	0.000000e+00
C9281	24933:60:+	6609	1	1.449543e-04	0.000000e+00	0.000000e+00
C9281	24933:110:+	6659	1	6.521207e-05	0.000000e+00	0.000000e+00
C9281	24937:116:-	16822	2	-2.005281e-04	-5.970697e-02	4.000000e-04
C9291	25025:112:-	6664	1	-2.143466e-04	0.000000e+00	0.000000e+00
C9291	25025:99:-	6677	1	-1.645992e-04	0.000000e+00	0.000000e+00
C9311	25157:8:+	5736	1	-6.430665e-05	0.000000e+00	0.000000e+00
C9311	25157:36:+	5764	1	5.815492e-05	0.000000e+00	0.000000e+00
C9311	25157:39:+	5767	1	-2.576683e-04	0.000000e+00	0.000000e+00
C9315	25174:119:+	430	2	5.016070e-05	0.000000e+00	0.000000e+00
C9315	25191:32:+	24007	0	-6.766130e-05	0.000000e+00	0.000000e+00
C9315	25191:46:+	24021	1	6.547596e-05	0.000000e+00	0.000000e+00
C9317	25209:138:-	15133	2	-3.644117e-05	0.000000e+00	0.000000e+00
C9323	25261:118:-	5669	0	1.950605e-04	0.000000e+00	0.000000e+00
C9323	25261:59:-	5728	0	-3.652818e-04	0.000000e+00	0.000000e+00
C9327	25310:115:+	12295	0	1.473349e-04	1.889623e-02	9.000000e-04
C9329	25336:107:+	11566	1	-2.264857e-04	0.000000e+00	0.000000e+00
C9335	25373:104:-	24076	0	-8.266238e-05	0.000000e+00	0.000000e+00
C9335	25373:25:-	24155	0	1.734664e-04	1.213566e-04	3.700000e-03
C9339	25430:100:-	27488	0	-8.899139e-04	0.000000e+00	0.000000e+00
C9345	25482:26:-	1301	0	5.506880e-05	0.000000e+00	0.000000e+00
C9347	25525:87:+	26087	2	-2.147302e-04	0.000000e+00	0.000000e+00
C9349	25531:96:-	6962	2	-2.411631e-04	-5.090705e-02	6.000000e-04
C9349	25537:39:+	18332	1	9.111549e-04	1.023234e-01	5.380000e-02
C9357	25622:14:+	20907	1	-1.701008e-04	0.000000e+00	0.000000e+00
C9361	25673:19:+	29165	2	-2.507126e-04	0.000000e+00	0.000000e+00
C9377	25786:58:+	9436	2	-8.427158e-05	2.996569e-02	1.000000e-04
C9377	25786:83:+	9461	2	-1.458988e-04	0.000000e+00	0.000000e+00
C9377	25796:95:+	22790	2	-1.472203e-04	0.000000e+00	0.000000e+00
C9381	25826:47:-	11565	2	-2.187054e-04	0.000000e+00	0.000000e+00
C9383	25868:106:+	27544	1	5.256384e-04	5.622138e-02	6.000000e-04
C9391	25910:82:+	799	1	5.312700e-05	0.000000e+00	0.000000e+00
C9391	25931:20:+	20019	1	-2.871507e-04	0.000000e+00	0.000000e+00
C9391	25931:90:+	20089	1	-4.462516e-05	0.000000e+00	0.000000e+00
C9391	25937:120:-	31823	1	-5.514532e-04	0.000000e+00	0.000000e+00
C9397	25996:63:-	8741	2	4.452252e-04	0.000000e+00	0.000000e+00
C9397	26022:11:-	28433	1	1.411251e-04	0.000000e+00	0.000000e+00
C9399	26031:48:-	6129	1	2.218473e-04	0.000000e+00	0.000000e+00
C9401	26083:58:+	30008	1	-1.744165e-04	0.000000e+00	0.000000e+00
C9405	26090:90:-	6927	1	-2.554905e-04	0.000000e+00	0.000000e+00
C9405	26100:136:+	12031	0	1.271939e-04	0.000000e+00	0.000000e+00
C9411	26151:129:-	20822	1	-1.662546e-04	0.000000e+00	0.000000e+00
C9411	26151:25:-	20926	1	2.450860e-04	0.000000e+00	0.000000e+00
C9411	26161:20:+	31873	1	6.349786e-05	1.388603e-01	1.700000e-03
C9411	26161:26:+	31879	1	1.428756e-04	0.000000e+00	0.000000e+00
C9425	26297:23:+	27263	1	1.975957e-04	0.000000e+00	0.000000e+00
C9425	26297:129:+	27369	0	-4.348142e-04	0.000000e+00	0.000000e+00
C9431	26325:139:+	3153	0	3.618536e-06	0.000000e+00	0.000000e+00
C9433	26355:82:+	8838	2	2.190768e-05	0.000000e+00	0.000000e+00
C9433	26355:95:+	8851	2	-2.160226e-05	0.000000e+00	0.000000e+00
C9439	26414:36:-	27790	0	-1.544556e-04	-4.781111e-02	2.000000e-04
C9447	26486:53:+	16086	0	3.227525e-04	5.612805e-02	2.300000e-03
C9447	26486:72:+	16105	1	-6.463209e-04	0.000000e+00	0.000000e+00
C9447	26494:43:-	24367	0	8.185984e-06	0.000000e+00	0.000000e+00
C9451	26540:57:+	17704	2	-1.661557e-04	-8.720326e-02	1.240000e-02
C9453	26553:106:-	10412	1	1.261818e-04	-2.957454e-01	1.970000e-02
C9453	26553:71:-	10447	1	-3.208534e-04	0.000000e+00	0.000000e+00
C9453	26567:12:+	23585	1	-1.081410e-04	-6.292141e-03	5.200000e-03
C9453	26567:110:+	23683	1	-5.124920e-06	0.000000e+00	0.000000e+00
C9455	26604:42:-	29923	0	4.540119e-04	0.000000e+00	0.000000e+00
C9467	26727:56:-	22569	2	2.562114e-04	0.000000e+00	0.000000e+00
C9477	26769:71:+	8722	1	-2.957058e-04	0.000000e+00	0.000000e+00
C9477	26769:137:+	8788	1	9.891231e-05	0.000000e+00	0.000000e+00
C9481	26802:43:+	10267	1	1.141265e-04	4.890999e-03	2.000000e-04
C9481	26802:142:+	10366	1	1.141265e-04	-3.346409e-02	1.000000e-04
C9481	26820:70:-	28908	1	8.887964e-04	5.820835e-02	4.200000e-03
C9481	26821:51:+	33240	1	-3.738855e-04	0.000000e+00	0.000000e+00
C9481	26821:65:+	33254	1	9.298421e-04	4.517683e-02	1.600000e-03
C9487	26865:65:-	32457	2	3.053956e-04	0.000000e+00	0.000000e+00
C9487	26865:52:-	32470	2	-4.482329e-04	0.000000e+00	0.000000e+00
C9487	26865:25:-	32497	2	2.124467e-04	6.413414e-02	2.000000e-04
C9499	26963:87:+	10366	1	8.581497e-05	-1.066070e-02	1.000000e-04
C9501	26983:97:-	383	1	1.129619e-04	0.000000e+00	0.000000e+00
C9501	26996:130:-	11361	2	8.663097e-05	0.000000e+00	0.000000e+00
C9501	26996:69:-	11422	0	-2.181167e-04	-3.316861e-03	4.800000e-03
C9501	27010:121:+	25211	0	-2.181167e-04	0.000000e+00	0.000000e+00
C9507	27036:19:+	13174	2	-2.000486e-04	0.000000e+00	0.000000e+00
C9519	27115:43:+	1882	2	2.350067e-04	0.000000e+00	0.000000e+00
C9519	27121:106:-	16948	2	-6.383254e-05	0.000000e+00	0.000000e+00
C9519	27122:134:-	17830	1	-1.583143e-05	0.000000e+00	0.000000e+00
C9519	27122:26:-	17938	0	-3.411160e-04	6.449206e-02	1.380000e-02
C9519	27122:17:-	17947	1	5.886219e-05	0.000000e+00	0.000000e+00
C9523	27137:128:+	14135	0	6.785651e-05	0.000000e+00	0.000000e+00
C9525	27186:106:+	34608	0	2.229011e-04	9.267471e-02	2.000000e-04
C9527	27189:59:+	3743	2	-3.434203e-04	0.000000e+00	0.000000e+00
C9527	27195:104:-	9877	0	-3.142148e-04	0.000000e+00	0.000000e+00
C9527	27201:37:-	25461	2	1.390015e-03	0.000000e+00	0.000000e+00
C9527	27201:5:-	25493	2	-9.306662e-05	0.000000e+00	0.000000e+00
C9529	27214:132:+	2256	2	-2.455887e-04	-4.910850e-02	1.190000e-02
C9529	27236:47:+	22830	2	3.607325e-05	0.000000e+00	0.000000e+00
C9529	27240:122:+	32384	1	-2.174154e-04	0.000000e+00	0.000000e+00
C9537	27290:11:+	28793	0	-5.549183e-06	-1.075427e-01	1.000000e-04
C9537	27290:61:+	28843	0	-3.721560e-04	0.000000e+00	0.000000e+00
C9545	27321:128:+	23134	2	2.588892e-04	0.000000e+00	0.000000e+00
C9549	27343:41:+	13242	2	-2.832053e-05	-8.006929e-02	8.000000e-04
C9553	27359:47:-	2691	0	-7.116611e-05	0.000000e+00	0.000000e+00
C9553	27360:61:+	3190	2	-6.413847e-05	0.000000e+00	0.000000e+00
C9559	27468:118:-	13632	1	8.212816e-04	0.000000e+00	0.000000e+00
C9559	27468:106:-	13644	2	-1.817586e-05	0.000000e+00	0.000000e+00
C9559	27468:92:-	13658	1	3.229301e-04	3.535449e-01	3.000000e-04
C9569	27602:96:+	29052	1	4.151282e-04	-1.370103e-01	1.414000e-01
C9569	27602:113:+	29069	1	-1.640808e-04	0.000000e+00	0.000000e+00
C9575	27673:45:-	1713	0	-2.181167e-04	0.000000e+00	0.000000e+00
C9575	27672:70:+	1825	2	2.227706e-04	0.000000e+00	0.000000e+00
C9579	27768:80:-	18096	1	4.482591e-04	0.000000e+00	0.000000e+00
C9579	27768:34:-	18142	1	-3.470064e-04	-9.412825e-02	1.760000e-02
C9579	27768:12:-	18164	1	-1.180475e-04	0.000000e+00	0.000000e+00
C9579	27778:14:-	25292	2	4.453472e-04	0.000000e+00	0.000000e+00
C9579	27778:9:-	25297	2	-1.984970e-04	0.000000e+00	0.000000e+00
C9581	27808:90:+	26292	0	1.049635e-03	0.000000e+00	0.000000e+00
C9581	27808:116:+	26318	0	-4.559634e-04	-9.417008e-02	7.000000e-03
C9593	27873:38:-	4566	1	3.466761e-04	0.000000e+00	0.000000e+00
C9597	27938:28:-	32048	1	-2.945479e-04	0.000000e+00	0.000000e+00
C9597	27938:10:-	32066	1	7.485985e-04	2.139174e-02	2.800000e-03
C9599	27954:19:+	16729	2	-1.206297e-04	0.000000e+00	0.000000e+00
C9601	28015:56:-	36386	1	-1.403211e-04	0.000000e+00	0.000000e+00
C9603	28024:23:-	8353	0	2.603586e-04	0.000000e+00	0.000000e+00
C9607	28070:51:+	13758	0	-2.409635e-04	0.000000e+00	0.000000e+00
C9607	28070:60:+	13767	0	4.043633e-04	0.000000e+00	0.000000e+00
C9609	28091:126:+	12536	1	-1.637751e-04	-2.054010e-02	8.100000e-03
C9609	28095:135:-	15998	0	-4.761474e-04	0.000000e+00	0.000000e+00
C9609	28095:12:-	16121	1	-1.908886e-04	0.000000e+00	0.000000e+00
C9611	28114:63:-	100	2	-5.637803e-04	-2.165146e-01	2.000000e-04
C9611	28114:5:-	158	2	-1.958473e-04	0.000000e+00	0.000000e+00
C9613	28177:13:-	39251	1	-7.113557e-04	0.000000e+00	0.000000e+00
C9615	28212:125:-	33192	1	-3.843083e-04	0.000000e+00	0.000000e+00
C9615	28212:30:-	33287	1	5.342137e-04	0.000000e+00	0.000000e+00
C9617	28234:28:-	21599	2	-6.671604e-06	0.000000e+00	0.000000e+00
C9617	28234:16:-	21611	2	6.329650e-04	2.995324e-02	1.796000e-01
C9619	28264:102:-	15508	1	1.285836e-05	1.181654e-02	1.300000e-03
C9619	28264:91:-	15519	1	1.285836e-05	0.000000e+00	0.000000e+00
C9619	28264:39:-	15571	1	1.285836e-05	0.000000e+00	0.000000e+00
C9619	28264:7:-	15603	1	1.285836e-05	0.000000e+00	0.000000e+00
C9623	28306:136:-	11647	1	-1.628246e-04	0.000000e+00	0.000000e+00
C9623	28306:37:-	11746	1	4.337441e-04	1.870997e-01	7.770000e-01
C9627	28350:22:+	8569	0	1.059981e-04	0.000000e+00	0.000000e+00
C9627	28350:52:+	8599	0	2.333239e-04	0.000000e+00	0.000000e+00
C9627	28350:131:+	8678	0	2.333239e-04	0.000000e+00	0.000000e+00
C9631	28373:134:+	10726	0	-3.029438e-04	0.000000e+00	0.000000e+00
C9639	28483:65:+	24249	1	-6.055859e-05	6.719220e-03	1.000000e-04
C9639	28512:135:+	38424	1	-2.173301e-04	0.000000e+00	0.000000e+00
C9651	28616:42:+	29072	0	-8.226507e-05	-2.489644e-02	1.000000e-03
C9651	28628:25:-	38083	2	-7.289500e-04	0.000000e+00	0.000000e+00
C9651	28629:113:+	39684	0	-4.555329e-05	0.000000e+00	0.000000e+00
C9663	28727:107:-	3067	1	1.717092e-05	0.000000e+00	0.000000e+00
C9665	28759:38:-	243	1	-1.306731e-04	0.000000e+00	0.000000e+00
C9669	28858:133:-	28591	1	-3.611045e-04	0.000000e+00	0.000000e+00
C9669	28858:98:-	28626	1	2.631412e-04	0.000000e+00	0.000000e+00
C9675	28907:125:-	104	2	-1.143789e-04	6.043731e-02	1.800000e-03
C9675	28914:118:+	18818	0	1.320579e-04	5.818018e-02	1.300000e-03
C9693	29090:6:+	4590	1	3.350006e-05	0.000000e+00	0.000000e+00
C9693	29090:82:+	4666	1	-3.395469e-04	0.000000e+00	0.000000e+00
C9693	29097:70:-	6521	0	7.476141e-05	9.090301e-03	7.100000e-03
C9693	29105:78:-	11946	1	9.575482e-05	0.000000e+00	0.000000e+00
C9709	29321:90:+	4251	2	-2.438016e-04	0.000000e+00	0.000000e+00
C9709	29339:76:+	30607	0	9.604934e-06	-3.122649e-02	1.000000e-03
C9713	29387:87:+	38840	2	-9.771787e-06	0.000000e+00	0.000000e+00
C9719	29462:131:-	17577	2	-6.097244e-04	0.000000e+00	0.000000e+00
C9731	29730:45:+	28327	2	2.684943e-04	0.000000e+00	0.000000e+00
C9731	29730:130:+	28412	2	-4.497579e-04	0.000000e+00	0.000000e+00
C9731	29742:13:+	34374	1	-2.871507e-04	0.000000e+00	0.000000e+00
C9731	29749:88:-	38359	2	-1.704681e-04	-2.204509e-02	8.400000e-03
C9737	29808:101:-	26819	1	-2.427891e-04	-1.183024e-01	3.000000e-04
C9739	29837:14:+	723	1	1.336132e-04	0.000000e+00	0.000000e+00
C9739	29840:88:-	1006	2	-1.111670e-04	0.000000e+00	0.000000e+00
C9739	29848:101:+	5430	0	1.479388e-04	0.000000e+00	0.000000e+00
C9739	29848:117:+	5446	0	7.196728e-05	0.000000e+00	0.000000e+00
C9741	29896:71:+	2055	1	7.427446e-04	4.841307e-02	3.000000e-04
C9741	29896:94:+	2078	0	3.706836e-04	0.000000e+00	0.000000e+00
C9741	29896:102:+	2086	0	-1.533143e-04	0.000000e+00	0.000000e+00
C9741	29926:25:+	35144	2	-2.187054e-04	0.000000e+00	0.000000e+00
C9741	29926:71:+	35190	2	-2.565020e-04	0.000000e+00	0.000000e+00
C9745	29956:39:-	19749	0	8.097249e-05	0.000000e+00	0.000000e+00
C9751	30059:100:-	17994	2	-1.256905e-04	0.000000e+00	0.000000e+00
C9753	30080:115:+	2898	1	3.925900e-04	0.000000e+00	0.000000e+00
C9761	30165:97:+	17591	1	-5.281580e-05	0.000000e+00	0.000000e+00
C9761	30172:103:-	27641	0	2.026923e-05	0.000000e+00	0.000000e+00
C9761	30183:14:+	43499	2	-2.918758e-04	0.000000e+00	0.000000e+00
C9765	30203:66:+	11713	1	-1.311216e-04	0.000000e+00	0.000000e+00
C9765	30211:135:+	27036	2	1.012753e-04	-4.719304e-03	7.000000e-04
C9769	30261:39:-	10164	0	2.398290e-04	-6.205983e-02	2.000000e-03
C9769	30261:20:-	10183	0	-2.002576e-04	-1.731098e-01	1.000000e-04
C9775	30387:124:-	12600	0	-2.430191e-04	0.000000e+00	0.000000e+00
C9775	30387:16:-	12708	0	1.083604e-04	0.000000e+00	0.000000e+00
C9777	30437:92:-	39989	0	1.816298e-04	1.264981e-01	3.000000e-04
C9777	30437:35:-	40046	1	-3.297827e-04	0.000000e+00	0.000000e+00
C9777	30437:8:-	40073	2	-3.336958e-04	0.000000e+00	0.000000e+00
C9779	30467:24:+	16816	2	1.081717e-04	0.000000e+00	0.000000e+00
C9781	30489:98:-	9744	2	-2.876240e-04	0.000000e+00	0.000000e+00
C9781	30500:136:+	27437	1	-9.965078e-05	0.000000e+00	0.000000e+00
C9781	30513:117:-	40679	1	-2.192326e-04	2.413024e-02	6.100000e-03
C9781	30513:76:-	40720	1	8.053964e-04	0.000000e+00	0.000000e+00
C9781	30513:13:-	40783	1	-4.155350e-04	0.000000e+00	0.000000e+00
C9785	30522:65:-	14405	1	3.688123e-04	4.668535e-02	1.000000e-03
C9789	30589:30:-	14518	0	-5.838213e-05	0.000000e+00	0.000000e+00
C9789	30602:34:+	45621	2	-2.415842e-04	0.000000e+00	0.000000e+00
C9789	30602:50:+	45637	2	-2.415842e-04	7.436914e-03	3.000000e-03
C9789	30602:74:+	45661	2	-2.415842e-04	0.000000e+00	0.000000e+00
C9789	30602:83:+	45670	2	-2.415842e-04	0.000000e+00	0.000000e+00
C9789	30602:90:+	45677	2	-2.415842e-04	-9.810100e-02	6.700000e-03
C9789	30602:92:+	45679	2	-2.415842e-04	0.000000e+00	0.000000e+00
C9803	30741:68:+	24332	1	-5.757008e-05	0.000000e+00	0.000000e+00
C9803	30741:69:+	24333	1	2.741075e-04	0.000000e+00	0.000000e+00
C9803	30751:92:+	30648	1	9.308610e-05	0.000000e+00	0.000000e+00
C9805	30769:68:+	2175	2	1.006965e-03	0.000000e+00	0.000000e+00
C9823	31005:7:+	19419	0	3.369404e-06	0.000000e+00	0.000000e+00
C9823	31016:35:-	26891	2	-9.220706e-06	2.813436e-02	3.000000e-04
C9823	31027:80:-	36849	1	1.423076e-04	0.000000e+00	0.000000e+00
C9823	31027:79:-	36850	1	1.423076e-04	0.000000e+00	0.000000e+00
C9831	31189:62:-	51927	0	-2.181167e-04	0.000000e+00	0.000000e+00
C9831	31189:39:-	51950	0	1.259805e-03	1.707844e-01	4.448000e-01
C9833	31196:66:+	11782	2	2.635068e-05	0.000000e+00	0.000000e+00
C9845	31373:63:+	1326	1	2.381641e-05	0.000000e+00	0.000000e+00
C9847	31427:137:-	54322	1	-7.854055e-05	-1.769511e-02	3.200000e-03
C9849	31454:64:-	41485	1	-1.922000e-04	0.000000e+00	0.000000e+00
C9849	31463:45:+	54078	0	1.989413e-04	0.000000e+00	0.000000e+00
C9853	31497:116:+	568	2	3.445992e-04	0.000000e+00	0.000000e+00
C9853	31501:93:+	6165	1	-5.881570e-04	0.000000e+00	0.000000e+00
C9855	31531:109:+	873	1	-5.782712e-04	-4.600903e-02	1.000000e-04
C9855	31531:127:+	891	2	9.709516e-04	1.322253e-01	1.360000e-02
C9855	31547:111:+	33391	2	-6.020186e-04	0.000000e+00	0.000000e+00
C9857	31572:68:+	13849	1	6.172019e-04	1.692941e-01	1.211000e-01
C9863	31699:22:+	31203	2	-1.090819e-04	-8.514805e-03	2.000000e-04
C9863	31710:49:+	48811	1	-2.322453e-04	0.000000e+00	0.000000e+00
C9865	31728:122:-	13194	1	9.929759e-05	0.000000e+00	0.000000e+00
C9865	31728:43:-	13273	1	1.817675e-04	0.000000e+00	0.000000e+00
C9867	31792:39:-	38517	1	-6.833731e-05	0.000000e+00	0.000000e+00
C9867	31792:33:-	38523	1	-6.833731e-05	1.105567e-02	1.400000e-03
C9873	31861:13:-	25954	0	-1.700357e-04	0.000000e+00	0.000000e+00
C9875	31894:94:+	15849	2	1.150861e-04	0.000000e+00	0.000000e+00
C9881	31980:8:+	12406	2	-1.498871e-04	0.000000e+00	0.000000e+00
C9881	31980:80:+	12478	2	1.196557e-05	4.378965e-02	3.100000e-03
C9881	31986:55:+	20177	2	1.140788e-04	0.000000e+00	0.000000e+00
C9881	32021:74:+	45101	1	1.542357e-03	1.287471e-01	5.510000e-02
C9895	32050:80:-	24184	0	1.151107e-04	0.000000e+00	0.000000e+00
C9895	32050:39:-	24225	0	-1.387790e-04	0.000000e+00	0.000000e+00
C9897	32114:24:+	32053	0	-7.925492e-05	0.000000e+00	0.000000e+00
C9899	32149:11:-	22478	0	4.965375e-05	1.414534e-01	1.000000e-04
C9899	32155:57:+	41907	2	-2.036244e-05	0.000000e+00	0.000000e+00
C9901	32175:90:-	3299	1	4.753581e-05	0.000000e+00	0.000000e+00
C9913	32320:100:+	46044	2	-7.011011e-05	0.000000e+00	0.000000e+00
C9913	32320:136:+	46080	2	-3.329816e-04	0.000000e+00	0.000000e+00
C9913	32320:139:+	46083	2	4.388598e-04	0.000000e+00	0.000000e+00
C9913	32329:82:+	53772	1	-4.844383e-06	0.000000e+00	0.000000e+00
C9913	32329:127:+	53817	1	-8.956645e-05	-2.961732e-04	6.000000e-04
C9915	32374:36:+	39631	0	-2.706008e-06	0.000000e+00	0.000000e+00
C9915	32374:131:+	39726	0	2.185013e-04	0.000000e+00	0.000000e+00
C9915	32393:81:+	55639	1	-1.128888e-04	0.000000e+00	0.000000e+00
C9919	32441:11:+	2296	2	9.816725e-04	8.342946e-02	8.600000e-03
C9919	32441:23:+	2308	2	9.816725e-04	1.030211e-01	1.100000e-03
C9919	32441:25:+	2310	2	9.816725e-04	0.000000e+00	0.000000e+00
C9919	32441:66:+	2351	2	9.816725e-04	3.621571e-01	2.000000e-04
C9919	32441:76:+	2361	2	9.816725e-04	6.576234e-02	1.250000e-02
C9919	32441:137:+	2422	2	9.816725e-04	0.000000e+00	0.000000e+00
C9919	32443:32:-	3137	0	-1.477690e-04	0.000000e+00	0.000000e+00
C9919	32466:53:-	16902	1	8.998543e-04	6.916913e-02	3.000000e-04
C9919	32501:19:+	55913	1	2.117283e-04	0.000000e+00	0.000000e+00
C9919	32501:32:+	55926	1	2.117283e-04	0.000000e+00	0.000000e+00
C9919	32501:127:+	56021	1	2.117283e-04	2.163533e-01	4.000000e-04
C9923	32524:37:+	22264	2	5.149369e-04	0.000000e+00	0.000000e+00
C9923	32524:70:+	22297	2	5.149369e-04	0.000000e+00	0.000000e+00
C9923	32524:78:+	22305	2	5.149369e-04	0.000000e+00	0.000000e+00
C9923	32524:84:+	22311	2	5.149369e-04	7.723971e-02	4.000000e-04
C9923	32524:90:+	22317	2	-4.400748e-05	0.000000e+00	0.000000e+00
C9923	32524:105:+	22332	2	5.149369e-04	0.000000e+00	0.000000e+00
C9923	32524:112:+	22339	2	5.256428e-04	0.000000e+00	0.000000e+00
C9923	32537:67:-	26360	2	-4.246629e-05	0.000000e+00	0.000000e+00
C9923	32537:35:-	26392	2	-2.586111e-04	-5.921603e-02	4.000000e-04
C9929	32619:52:-	26401	0	5.204363e-05	0.000000e+00	0.000000e+00
C9931	32659:100:-	31765	2	1.557402e-04	-4.223253e-02	5.000000e-04
C9931	32659:88:-	31777	2	1.557402e-04	0.000000e+00	0.000000e+00
C9931	32659:57:-	31808	2	1.557402e-04	0.000000e+00	0.000000e+00
C9931	32659:30:-	31835	2	1.557402e-04	2.186190e-02	2.100000e-03
C9931	32672:21:+	62313	2	1.889456e-05	0.000000e+00	0.000000e+00
C9931	32672:73:+	62365	2	9.556648e-06	3.216870e-02	8.000000e-04
C9933	32698:81:+	17934	1	-2.864528e-04	0.000000e+00	0.000000e+00
C9933	32723:109:+	47748	2	-8.637285e-05	6.747889e-02	1.000000e-04
C9935	32750:74:-	18712	2	2.361573e-04	0.000000e+00	0.000000e+00
C9935	32750:14:-	18772	2	-2.816503e-04	0.000000e+00	0.000000e+00
C9935	32789:126:-	50823	0	-3.661316e-04	0.000000e+00	0.000000e+00
C9935	32789:121:-	50828	0	-5.368220e-04	-1.185175e-01	6.100000e-03
C9935	32789:11:-	50938	0	-5.368220e-04	0.000000e+00	0.000000e+00
C9937	32812:43:+	10359	2	-3.655149e-04	0.000000e+00	0.000000e+00
C9939	32842:18:-	7782	2	2.888972e-05	0.000000e+00	0.000000e+00
C9941	32929:64:-	43732	1	-1.570524e-06	-1.555745e-01	1.000000e-04
C9941	32958:137:-	62256	2	-2.458234e-04	-1.367854e-01	2.400000e-02
C9941	32958:111:-	62282	2	-2.458234e-04	-1.799307e-01	1.300000e-03
C9941	32958:94:-	62299	2	-2.458234e-04	0.000000e+00	0.000000e+00
C9941	32958:62:-	62331	2	-2.458234e-04	-1.347149e-02	3.000000e-03
C9941	32958:55:-	62338	2	-2.458234e-04	0.000000e+00	0.000000e+00
C9947	33104:94:-	46289	2	-4.555540e-06	-5.599318e-02	1.200000e-03
C9951	33129:14:+	21076	2	8.152636e-05	-6.214592e-03	5.300000e-03
C9951	33129:59:+	21121	2	1.207422e-04	0.000000e+00	0.000000e+00
C9953	33174:110:+	35761	2	-4.906116e-04	-1.418627e-01	8.200000e-03
C9953	33189:55:-	51493	1	-2.143466e-04	-8.959484e-02	1.000000e-04
C9955	33202:74:-	10019	0	1.073548e-05	0.000000e+00	0.000000e+00
C9955	33203:128:+	20243	0	1.253791e-03	0.000000e+00	0.000000e+00
C9955	33214:79:-	37860	1	-2.264857e-04	0.000000e+00	0.000000e+00
C9957	33265:44:+	26331	1	1.182835e-04	1.910266e-02	1.100000e-03
C9957	33265:76:+	26363	1	1.361719e-04	0.000000e+00	0.000000e+00
C9957	33266:91:-	26686	2	-9.514529e-05	0.000000e+00	0.000000e+00
C9957	33266:77:-	26700	2	7.316648e-04	0.000000e+00	0.000000e+00
C9957	33299:92:+	66179	2	1.775965e-04	0.000000e+00	0.000000e+00
C9957	33299:124:+	66211	2	-2.172524e-04	0.000000e+00	0.000000e+00
C9959	33303:86:+	2627	2	-4.558084e-05	0.000000e+00	0.000000e+00
C9959	33303:119:+	2660	2	2.051658e-05	0.000000e+00	0.000000e+00
C9959	33315:72:-	14358	1	6.995390e-04	8.695760e-02	9.500000e-03
C9959	33318:21:+	18843	0	-4.198373e-04	6.811031e-02	2.000000e-04
C9959	33318:50:+	18872	0	-4.340394e-04	0.000000e+00	0.000000e+00
C9961	33383:128:+	43115	2	3.216862e-04	0.000000e+00	0.000000e+00
C9963	33407:41:-	1291	1	3.309528e-04	0.000000e+00	0.000000e+00
C9963	33407:40:-	1292	1	7.349163e-05	0.000000e+00	0.000000e+00
C9963	33417:118:-	30547	2	6.444948e-05	0.000000e+00	0.000000e+00
C9963	33436:114:-	48144	0	-2.060189e-04	0.000000e+00	0.000000e+00
C9963	33436:50:-	48208	0	3.924927e-05	0.000000e+00	0.000000e+00
C9963	33455:76:-	66046	2	4.155398e-04	0.000000e+00	0.000000e+00
C9963	33455:68:-	66054	2	-3.863875e-05	1.695214e-02	1.000000e-04
C9965	33468:117:+	15880	0	1.565102e-04	6.810627e-02	4.200000e-03
C9965	33476:83:+	26443	0	6.039445e-04	-5.077378e-02	1.000000e-04
C9975	33687:66:+	21034	0	-2.034753e-04	0.000000e+00	0.000000e+00
C9979	33749:22:-	3051	1	-6.501888e-05	0.000000e+00	0.000000e+00
C9979	33780:80:-	55406	0	-7.392910e-05	0.000000e+00	0.000000e+00
C9979	33780:45:-	55441	0	1.685741e-04	0.000000e+00	0.000000e+00
C9985	33857:61:-	28155	0	-2.181167e-04	0.000000e+00	0.000000e+00
C9985	33857:37:-	28179	0	7.082003e-05	0.000000e+00	0.000000e+00
C9985	33857:28:-	28188	0	5.574457e-04	0.000000e+00	0.000000e+00
C9985	33873:123:-	42336	0	-9.977199e-05	0.000000e+00	0.000000e+00
C9999	33955:81:+	11251	1	-2.556570e-04	0.000000e+00	0.000000e+00
C10005	34027:55:-	47497	0	3.999605e-04	0.000000e+00	0.000000e+00
C10005	34029:125:-	48500	1	-2.104306e-05	0.000000e+00	0.000000e+00
C10009	34142:10:-	25550	2	-1.315032e-04	0.000000e+00	0.000000e+00
C10009	34146:91:-	31715	1	-2.688654e-04	-4.621630e-01	7.000000e-04
C10009	34146:71:-	31735	1	4.677167e-04	0.000000e+00	0.000000e+00
C10009	34204:121:-	74335	1	-2.173301e-04	0.000000e+00	0.000000e+00
C10013	34256:8:-	72044	1	2.463548e-04	0.000000e+00	0.000000e+00
C10017	34364:41:-	54681	1	1.741111e-04	0.000000e+00	0.000000e+00
C10017	34374:78:-	73065	1	-4.498139e-04	0.000000e+00	0.000000e+00
C10021	34424:8:-	34740	2	4.049348e-04	0.000000e+00	0.000000e+00
C10021	34454:39:+	65697	1	-1.858507e-04	0.000000e+00	0.000000e+00
C10023	34479:90:+	35443	1	-5.175892e-04	0.000000e+00	0.000000e+00
C10023	34479:127:+	35480	1	-3.763309e-04	0.000000e+00	0.000000e+00
C10023	34502:9:-	64214	2	-2.232371e-04	0.000000e+00	0.000000e+00
C10023	34501:19:+	64239	0	6.693263e-05	0.000000e+00	0.000000e+00
C10023	34508:127:-	70086	1	7.552817e-05	0.000000e+00	0.000000e+00
C10023	34508:124:-	70089	1	-4.383626e-05	0.000000e+00	0.000000e+00
C10025	34635:92:-	76985	0	-2.531850e-04	0.000000e+00	0.000000e+00
C10025	34635:42:-	77035	0	-1.602787e-06	0.000000e+00	0.000000e+00
C10027	34709:15:+	65583	1	-1.447644e-04	4.111721e-03	7.000000e-04
C10029	34719:46:+	3823	0	1.081012e-04	0.000000e+00	0.000000e+00
C10029	34719:64:+	3841	0	1.847453e-04	0.000000e+00	0.000000e+00
C10029	34719:101:+	3878	0	-2.181167e-04	-8.081552e-02	9.600000e-03
C10029	34719:112:+	3889	0	-3.238458e-04	0.000000e+00	0.000000e+00
C10033	34820:34:+	42164	0	6.522738e-05	3.666553e-02	2.000000e-04
C10035	34862:34:+	6775	1	2.800062e-04	0.000000e+00	0.000000e+00
C10035	34874:74:-	16412	2	4.590455e-04	2.740092e-02	6.100000e-03
C10035	34920:133:-	45090	0	-3.029438e-04	-1.720994e-01	5.000000e-04
C10035	34920:66:-	45157	0	-2.855269e-05	0.000000e+00	0.000000e+00
C10037	34981:32:-	35540	2	-2.932418e-04	0.000000e+00	0.000000e+00
C10041	35024:67:-	7383	2	-1.869226e-04	0.000000e+00	0.000000e+00
C10041	35038:31:-	31140	1	9.709577e-04	4.683612e-02	5.000000e-04
C10041	35043:117:+	35152	0	1.076612e-05	0.000000e+00	0.000000e+00
C10041	35066:129:-	69110	1	-2.988278e-04	0.000000e+00	0.000000e+00
C10045	35146:70:+	72143	1	-1.551734e-04	0.000000e+00	0.000000e+00
C10045	35146:124:+	72197	2	1.184495e-04	0.000000e+00	0.000000e+00
C10053	35229:50:-	25348	2	4.046204e-04	1.711792e-01	1.790000e-02
C10055	35300:98:+	27855	1	-9.874607e-05	8.700244e-02	3.000000e-04
C10057	35343:69:+	40039	1	7.886720e-06	2.234743e-02	1.500000e-03
C10057	35363:60:+	80338	1	1.904726e-04	0.000000e+00	0.000000e+00
C10057	35363:72:+	80350	1	-2.336406e-04	0.000000e+00	0.000000e+00
C10059	35377:80:-	3463	2	3.631773e-04	0.000000e+00	0.000000e+00
C10059	35377:53:-	3490	2	3.120484e-04	0.000000e+00	0.000000e+00
C10059	35379:119:+	6116	0	4.224755e-04	0.000000e+00	0.000000e+00
C10059	35392:54:-	9341	2	-1.834197e-04	0.000000e+00	0.000000e+00
C10059	35392:41:-	9354	2	-1.704681e-04	-2.021451e-02	1.000000e-03
C10059	35433:13:+	65253	1	-2.192222e-04	0.000000e+00	0.000000e+00
C10059	35433:37:+	65277	1	5.479976e-05	0.000000e+00	0.000000e+00
C10061	35479:53:-	41890	0	1.247818e-04	0.000000e+00	0.000000e+00
C10069	35617:55:+	73103	0	-3.072787e-04	0.000000e+00	0.000000e+00
C10069	35627:85:+	79724	0	-3.013147e-04	0.000000e+00	0.000000e+00
C10071	35643:38:+	20815	1	1.848305e-04	0.000000e+00	0.000000e+00
C10071	35664:129:+	51244	2	1.141309e-04	0.000000e+00	0.000000e+00
C10073	35710:43:-	16260	2	-3.627606e-04	0.000000e+00	0.000000e+00
C10073	35767:12:-	70988	1	-1.556921e-04	0.000000e+00	0.000000e+00
C10075	35810:79:-	34591	0	2.071236e-04	0.000000e+00	0.000000e+00
C10075	35810:78:-	34592	0	2.071236e-04	0.000000e+00	0.000000e+00
C10075	35827:108:+	40974	2	-3.135690e-05	0.000000e+00	0.000000e+00
C10077	35891:50:-	20867	0	1.236950e-04	0.000000e+00	0.000000e+00
C10077	35891:29:-	20888	0	-5.808421e-04	-1.750879e-01	1.200000e-02
C10077	35938:106:-	91186	1	-2.237891e-04	0.000000e+00	0.000000e+00
C10079	35959:19:+	26273	0	-3.181947e-04	0.000000e+00	0.000000e+00
C10079	35969:123:+	44466	2	6.692480e-04	0.000000e+00	0.000000e+00
C10079	35977:11:-	51451	2	-1.920313e-04	0.000000e+00	0.000000e+00
C10079	36014:83:-	91087	1	-1.143654e-04	0.000000e+00	0.000000e+00
C10083	36094:86:-	91271	1	8.324438e-05	1.429570e-01	6.200000e-03
C10083	36094:71:-	91286	1	-6.266509e-04	-3.554822e-02	7.000000e-04
C10085	36100:11:+	2573	2	-7.803498e-04	-8.942038e-02	2.000000e-04
C10085	36122:21:+	46099	0	8.331717e-05	0.000000e+00	0.000000e+00
C10085	36150:63:-	84078	0	1.225261e-04	-2.868943e-02	2.400000e-03
C10087	36191:111:-	62167	2	-7.252746e-04	-2.761914e-02	7.300000e-03
C10091	36232:8:+	27621	2	-2.160226e-05	0.000000e+00	0.000000e+00
C10091	36235:16:-	37940	0	-6.414921e-04	0.000000e+00	0.000000e+00
C10091	36240:17:+	55731	2	-2.912185e-05	7.603667e-03	5.000000e-04
C10091	36240:74:+	55788	2	-3.978717e-04	0.000000e+00	0.000000e+00
C10091	36240:92:+	55806	2	-3.978717e-04	0.000000e+00	0.000000e+00
C10093	36296:97:+	30874	2	4.091924e-04	0.000000e+00	0.000000e+00
C10093	36296:105:+	30882	2	2.715396e-04	0.000000e+00	0.000000e+00
C10093	36316:135:-	55770	2	9.212869e-06	-1.308664e-02	8.000000e-04
C10099	36365:68:+	23865	0	-2.446737e-04	-9.636658e-02	2.500000e-03
C10099	36365:69:+	23866	0	-2.446737e-04	0.000000e+00	0.000000e+00
C10099	36392:20:+	67831	0	-3.186914e-04	0.000000e+00	0.000000e+00
C10101	36430:131:+	42055	1	8.757135e-04	0.000000e+00	0.000000e+00
C10101	36456:6:+	62503	1	-1.750330e-04	-2.813341e-02	8.000000e-04
C10101	36456:74:+	62571	1	-9.504435e-05	0.000000e+00	0.000000e+00
C10101	36456:75:+	62572	1	-9.504435e-05	-7.642109e-02	4.020000e-02
C10101	36488:32:-	84415	0	-3.029438e-04	0.000000e+00	0.000000e+00
C10101	36496:10:+	88034	0	-5.371375e-04	0.000000e+00	0.000000e+00
C10101	36496:93:+	88117	0	7.427834e-05	-3.902126e-02	1.000000e-04
C10105	36519:77:+	9177	2	7.565855e-04	-1.090206e-02	8.000000e-04
C10105	36537:108:-	28171	2	6.047149e-05	0.000000e+00	0.000000e+00
C10107	36615:92:-	55800	2	9.061114e-05	0.000000e+00	0.000000e+00
C10109	36686:96:+	52937	2	2.379798e-05	0.000000e+00	0.000000e+00
C10109	36721:13:+	94015	1	1.819855e-05	0.000000e+00	0.000000e+00
C10109	36721:65:+	94067	1	-7.233161e-06	-1.722973e-02	2.000000e-04
C10109	36721:96:+	94098	1	-4.464937e-04	-9.864036e-02	1.000000e-04
C10115	36865:98:+	106620	2	4.182650e-04	0.000000e+00	0.000000e+00
C10115	36865:118:+	106640	2	-2.616171e-04	0.000000e+00	0.000000e+00
C10117	36876:100:+	8015	1	4.643602e-05	0.000000e+00	0.000000e+00
C10117	36889:26:-	15451	2	-5.486035e-04	-7.326148e-02	3.000000e-04
C10117	36918:26:+	32109	1	1.471848e-04	1.287730e-02	1.000000e-03
C10117	36929:105:+	50715	1	3.220473e-04	0.000000e+00	0.000000e+00
C10119	37044:58:-	79747	2	5.171501e-05	-5.490234e-03	5.000000e-04
C10121	37078:94:-	5345	0	5.817593e-04	0.000000e+00	0.000000e+00
C10121	37180:20:+	90041	2	5.927951e-05	0.000000e+00	0.000000e+00
C10121	37180:28:+	90049	2	1.124459e-04	0.000000e+00	0.000000e+00
C10121	37180:37:+	90058	2	5.927951e-05	-8.058654e-02	1.000000e-04
C10121	37180:44:+	90065	2	5.927951e-05	0.000000e+00	0.000000e+00
C10121	37180:45:+	90066	2	5.927951e-05	1.311527e-04	1.200000e-03
C10121	37180:52:+	90073	2	5.927951e-05	0.000000e+00	0.000000e+00
C10121	37180:61:+	90082	2	5.927951e-05	0.000000e+00	0.000000e+00
C10121	37180:72:+	90093	2	5.927951e-05	0.000000e+00	0.000000e+00
C10121	37180:74:+	90095	2	5.927951e-05	0.000000e+00	0.000000e+00
C10121	37180:76:+	90097	2	-9.364500e-05	0.000000e+00	0.000000e+00
C10121	37180:78:+	90099	2	5.927951e-05	1.036887e-03	1.000000e-04
C10121	37180:99:+	90120	2	5.927951e-05	-3.254898e-03	2.100000e-02
C10121	37180:112:+	90133	2	5.927951e-05	0.000000e+00	0.000000e+00
C10121	37180:114:+	90135	2	8.514035e-05	1.837246e-02	1.500000e-03
C10121	37180:123:+	90144	2	5.927951e-05	0.000000e+00	0.000000e+00
C10121	37180:140:+	90161	2	4.315029e-05	0.000000e+00	0.000000e+00
C10121	37198:123:+	106429	0	-8.417115e-05	0.000000e+00	0.000000e+00
C10127	37226:45:-	24646	2	6.500118e-05	0.000000e+00	0.000000e+00
C10129	37323:138:+	1282	0	3.143861e-04	3.670769e-02	1.000000e-04
C10129	37332:85:+	11573	0	4.581738e-05	0.000000e+00	0.000000e+00
C10129	37373:73:-	75762	2	-3.775390e-04	0.000000e+00	0.000000e+00
C10129	37387:26:-	84554	2	-2.706513e-05	0.000000e+00	0.000000e+00
C10131	37445:112:-	39725	2	-2.054852e-04	-7.045796e-03	2.000000e-04
C10131	37445:111:-	39726	2	-2.054852e-04	0.000000e+00	0.000000e+00
C10131	37449:10:+	42240	2	6.072358e-06	8.411025e-03	4.000000e-04
C10131	37476:77:-	94725	2	-1.138518e-04	0.000000e+00	0.000000e+00
C10137	37601:23:+	104268	0	-1.423067e-04	-8.211276e-02	1.000000e-03
C10137	37601:96:+	104341	0	4.224755e-04	1.004222e-01	3.000000e-04
C10137	37611:83:-	109839	1	3.678464e-04	7.920052e-02	3.900000e-03
C10137	37625:14:-	116959	1	6.182129e-05	0.000000e+00	0.000000e+00
C10137	37640:107:+	132177	1	6.360730e-05	0.000000e+00	0.000000e+00
C10139	37675:68:+	12206	0	-3.029438e-04	0.000000e+00	0.000000e+00
C10139	37714:8:+	45384	2	-4.143355e-04	0.000000e+00	0.000000e+00
C10139	37714:30:+	45406	1	1.245023e-04	0.000000e+00	0.000000e+00
C10139	37714:67:+	45443	2	1.371356e-04	0.000000e+00	0.000000e+00
C10145	37810:48:+	9368	2	8.129082e-05	0.000000e+00	0.000000e+00
C10145	37810:79:+	9399	2	-5.443327e-04	0.000000e+00	0.000000e+00
C10145	37810:139:+	9459	2	8.129082e-05	0.000000e+00	0.000000e+00
C10145	37857:31:+	49175	1	-2.680525e-04	4.711378e-02	1.000000e-04
C10145	37857:51:+	49195	1	-2.973321e-04	-2.532621e-02	5.000000e-04
C10145	37927:7:-	144265	1	7.167826e-05	0.000000e+00	0.000000e+00
C10145	37947:120:+	166803	2	-6.323200e-05	0.000000e+00	0.000000e+00
C10147	38032:108:+	80658	2	-1.474076e-04	0.000000e+00	0.000000e+00
C10147	38037:136:+	89041	0	-7.540871e-05	-5.106368e-01	9.981000e-01
C10147	38094:100:-	167090	1	-8.561210e-05	8.037762e-03	6.000000e-04
C10147	38101:132:-	172346	2	1.974797e-04	0.000000e+00	0.000000e+00
C10147	38101:44:-	172434	2	-7.796156e-05	0.000000e+00	0.000000e+00
C10147	38102:124:+	173643	0	-4.142264e-06	0.000000e+00	0.000000e+00
C10151	38287:26:+	162771	1	3.937351e-06	0.000000e+00	0.000000e+00
C10151	38287:57:+	162802	1	2.972062e-04	0.000000e+00	0.000000e+00
C10151	38287:68:+	162813	1	3.937351e-06	0.000000e+00	0.000000e+00
C10151	38287:84:+	162829	1	3.937351e-06	-2.056082e-02	3.000000e-04
C10151	38287:100:+	162845	2	1.271295e-03	0.000000e+00	0.000000e+00
C10151	38305:31:+	190415	1	-3.293329e-04	0.000000e+00	0.000000e+00
C10151	38305:66:+	190450	1	-5.047178e-06	7.866886e-03	4.000000e-04
C10151	38305:137:+	190521	1	6.477495e-05	0.000000e+00	0.000000e+00
scaffold6	51:122:+	1066	2	-3.171657e-04	-6.398460e-02	1.000000e-04
scaffold6	69:119:-	18451	2	3.036186e-04	0.000000e+00	0.000000e+00
scaffold6	69:109:-	18461	2	3.036186e-04	0.000000e+00	0.000000e+00
scaffold6	69:106:-	18464	2	3.036186e-04	0.000000e+00	0.000000e+00
scaffold6	69:104:-	18466	2	3.036186e-04	3.907784e-02	6.000000e-04
scaffold6	69:84:-	18486	2	3.036186e-04	0.000000e+00	0.000000e+00
scaffold6	69:82:-	18488	2	3.036186e-04	0.000000e+00	0.000000e+00
scaffold6	69:72:-	18498	2	3.036186e-04	-2.996217e-02	2.000000e-04
scaffold6	69:65:-	18505	2	3.036186e-04	-4.622082e-02	4.000000e-04
scaffold6	69:61:-	18509	2	3.036186e-04	3.637760e-02	3.100000e-03
scaffold6	69:48:-	18522	2	3.036186e-04	0.000000e+00	0.000000e+00
scaffold6	69:43:-	18527	2	3.036186e-04	7.007529e-02	5.000000e-04
scaffold6	69:18:-	18552	2	3.036186e-04	0.000000e+00	0.000000e+00
scaffold6	69:9:-	18561	2	3.036186e-04	0.000000e+00	0.000000e+00
scaffold22	123:91:-	1282	1	-1.045299e-04	0.000000e+00	0.000000e+00
scaffold22	122:62:+	1432	1	-4.389428e-04	0.000000e+00	0.000000e+00
scaffold22	138:8:-	9509	2	-2.438816e-04	0.000000e+00	0.000000e+00
scaffold32	203:42:+	17507	2	-4.004741e-05	0.000000e+00	0.000000e+00
scaffold32	203:49:+	17514	2	-4.004741e-05	0.000000e+00	0.000000e+00
scaffold32	203:50:+	17515	2	-4.004741e-05	0.000000e+00	0.000000e+00
scaffold32	203:81:+	17546	2	4.996403e-05	0.000000e+00	0.000000e+00
scaffold32	203:125:+	17590	2	2.415311e-04	0.000000e+00	0.000000e+00
scaffold32	208:57:+	26595	0	-2.798361e-04	0.000000e+00	0.000000e+00
scaffold32	208:96:+	26634	0	-2.801825e-04	0.000000e+00	0.000000e+00
scaffold43	573:136:+	202932	0	6.483342e-04	0.000000e+00	0.000000e+00
scaffold43	585:91:-	220682	1	2.161405e-05	0.000000e+00	0.000000e+00
scaffold43	589:42:+	231665	2	1.676596e-04	0.000000e+00	0.000000e+00
scaffold43	589:112:+	231735	2	3.656750e-04	0.000000e+00	0.000000e+00
scaffold47	625:119:-	7660	1	-2.563880e-04	0.000000e+00	0.000000e+00
scaffold47	625:51:-	7728	1	-4.091772e-05	0.000000e+00	0.000000e+00
scaffold48	662:19:+	53850	0	5.642918e-05	9.287316e-02	5.000000e-04
scaffold51	696:40:-	3438	2	-5.271130e-05	0.000000e+00	0.000000e+00
scaffold51	696:35:-	3443	2	-5.702807e-04	-4.315878e-02	1.100000e-03
scaffold55	748:78:-	37082	0	-3.523551e-04	0.000000e+00	0.000000e+00
scaffold68	844:84:+	11885	0	1.175181e-04	0.000000e+00	0.000000e+00
scaffold68	844:106:+	11907	0	2.787964e-04	0.000000e+00	0.000000e+00
scaffold68	875:28:-	34652	2	-2.411631e-04	-2.972325e-02	9.000000e-04
scaffold76	949:80:-	38576	1	-5.322798e-05	0.000000e+00	0.000000e+00
scaffold77	973:114:+	5614	0	-1.542447e-04	-5.514874e-02	3.000000e-04
scaffold77	975:91:-	6667	1	2.332691e-05	0.000000e+00	0.000000e+00
scaffold78	1011:68:+	26106	0	1.455808e-04	0.000000e+00	0.000000e+00
scaffold78	1012:91:+	26517	1	9.316389e-04	0.000000e+00	0.000000e+00
scaffold84	1076:48:-	2200	2	1.300264e-04	0.000000e+00	0.000000e+00
scaffold84	1107:105:+	37128	1	3.080238e-04	0.000000e+00	0.000000e+00
scaffold84	1107:112:+	37135	1	4.214155e-04	0.000000e+00	0.000000e+00
scaffold84	1129:74:-	44538	2	-2.815025e-04	-1.140058e-01	2.100000e-03
scaffold86	1199:104:-	18773	2	-5.537992e-06	0.000000e+00	0.000000e+00
scaffold87	1219:127:-	15047	0	5.206765e-04	0.000000e+00	0.000000e+00
scaffold93	1341:58:+	46046	2	-2.645747e-04	0.000000e+00	0.000000e+00
scaffold93	1341:118:+	46106	2	7.102216e-04	5.602331e-02	1.000000e-04
scaffold93	1398:11:+	117287	0	-1.043899e-05	-8.690367e-02	2.000000e-04
scaffold93	1420:88:+	131623	1	-1.193881e-04	0.000000e+00	0.000000e+00
scaffold106	1554:108:-	27255	1	7.246626e-05	6.624553e-02	3.700000e-02
scaffold107	1597:85:-	2371	1	-1.667952e-05	0.000000e+00	0.000000e+00
scaffold113	1777:102:-	12730	1	1.865520e-04	-3.831351e-02	7.000000e-04
scaffold113	1777:41:-	12791	1	2.611173e-05	0.000000e+00	0.000000e+00
scaffold113	1796:90:+	33877	0	7.082003e-05	0.000000e+00	0.000000e+00
scaffold115	1832:90:-	21773	1	-5.436869e-04	0.000000e+00	0.000000e+00
scaffold115	1841:22:-	34893	1	1.627229e-04	0.000000e+00	0.000000e+00
scaffold115	1841:19:-	34896	1	1.127710e-04	2.669945e-04	3.000000e-04
scaffold117	1900:86:+	22613	1	2.972598e-04	0.000000e+00	0.000000e+00
scaffold117	1900:116:+	22643	1	2.972598e-04	0.000000e+00	0.000000e+00
scaffold120	1956:37:+	41888	2	-6.331574e-05	0.000000e+00	0.000000e+00
scaffold120	1956:38:+	41889	2	-6.331574e-05	0.000000e+00	0.000000e+00
scaffold120	1969:138:-	54967	1	-4.055904e-05	0.000000e+00	0.000000e+00
scaffold124	1998:62:-	1005	0	1.085130e-04	0.000000e+00	0.000000e+00
scaffold126	2021:101:+	9047	1	7.300342e-06	0.000000e+00	0.000000e+00
scaffold127	2028:131:-	5057	2	1.927443e-05	0.000000e+00	0.000000e+00
scaffold127	2028:98:-	5090	2	-1.652307e-04	0.000000e+00	0.000000e+00
scaffold127	2028:17:-	5171	2	4.172422e-04	0.000000e+00	0.000000e+00
scaffold138	2162:119:-	11489	0	-6.168029e-05	0.000000e+00	0.000000e+00
scaffold143	2225:135:-	10651	2	6.367437e-05	0.000000e+00	0.000000e+00
scaffold143	2225:109:-	10677	2	1.265624e-04	0.000000e+00	0.000000e+00
scaffold151	2333:32:-	47614	2	6.418005e-05	0.000000e+00	0.000000e+00
scaffold151	2387:13:-	100644	0	4.124132e-04	0.000000e+00	0.000000e+00
scaffold153	2517:35:-	1705	1	-1.633199e-04	0.000000e+00	0.000000e+00
scaffold158	2609:32:-	3897	2	3.572973e-05	0.000000e+00	0.000000e+00
scaffold158	2609:22:-	3907	2	-1.802292e-04	0.000000e+00	0.000000e+00
scaffold158	2633:6:-	18494	1	-6.728630e-05	0.000000e+00	0.000000e+00
scaffold162	2703:63:+	36851	1	2.357693e-04	0.000000e+00	0.000000e+00
scaffold167	2782:139:-	6903	1	1.027414e-04	0.000000e+00	0.000000e+00
scaffold167	2782:76:-	6966	1	1.172149e-04	0.000000e+00	0.000000e+00
scaffold168	2794:137:-	1487	1	-7.608844e-05	-2.362312e-01	4.000000e-04
scaffold168	2807:131:+	11553	0	5.483776e-05	0.000000e+00	0.000000e+00
scaffold168	2819:61:+	22805	0	-3.397499e-04	-1.223830e-01	1.180000e-02
scaffold168	2819:89:+	22833	1	1.550195e-05	0.000000e+00	0.000000e+00
scaffold168	2822:12:+	27510	0	-4.686747e-05	-5.877271e-03	5.000000e-04
scaffold168	2822:75:+	27573	0	-4.686747e-05	0.000000e+00	0.000000e+00
scaffold168	2822:89:+	27587	0	-4.686747e-05	0.000000e+00	0.000000e+00
scaffold168	2822:121:+	27619	0	-4.686747e-05	0.000000e+00	0.000000e+00
scaffold168	2844:28:+	62030	0	-8.313032e-05	0.000000e+00	0.000000e+00
scaffold168	2864:52:-	78741	1	-5.051475e-04	0.000000e+00	0.000000e+00
scaffold168	2870:93:-	85566	0	-4.898326e-04	0.000000e+00	0.000000e+00
scaffold168	2893:105:+	109302	0	-2.181167e-04	0.000000e+00	0.000000e+00
scaffold170	2980:14:+	91300	1	1.908045e-04	0.000000e+00	0.000000e+00
scaffold175	3099:23:+	7663	1	5.433084e-05	0.000000e+00	0.000000e+00
scaffold175	3099:125:+	7765	1	8.230147e-05	4.953702e-02	3.300000e-03
scaffold178	3209:81:-	52245	1	-3.415258e-05	0.000000e+00	0.000000e+00
scaffold178	3218:111:-	66205	2	-5.532759e-04	0.000000e+00	0.000000e+00
scaffold181	3253:47:+	11001	1	-4.210218e-04	-1.132187e-01	4.400000e-03
scaffold181	3253:48:+	11002	1	-4.210218e-04	0.000000e+00	0.000000e+00
scaffold181	3253:65:+	11019	1	1.383976e-05	0.000000e+00	0.000000e+00
scaffold187	3377:81:-	9911	2	-1.392906e-04	0.000000e+00	0.000000e+00
scaffold187	3377:16:-	9976	2	1.149828e-04	0.000000e+00	0.000000e+00
scaffold189	3409:20:+	17217	2	4.853291e-06	0.000000e+00	0.000000e+00
scaffold189	3409:109:+	17306	2	7.555320e-05	0.000000e+00	0.000000e+00
scaffold189	3409:110:+	17307	2	-7.673946e-05	0.000000e+00	0.000000e+00
scaffold198	3523:10:+	26220	1	9.677622e-05	-2.247137e-01	2.000000e-04
scaffold198	3523:16:+	26226	1	6.767383e-05	0.000000e+00	0.000000e+00
scaffold214	3696:69:-	11491	0	-2.478779e-04	-2.960865e-02	4.100000e-03
scaffold216	3715:27:-	8186	1	-4.544758e-04	0.000000e+00	0.000000e+00
scaffold216	3721:99:-	19024	0	-4.887102e-04	0.000000e+00	0.000000e+00
scaffold218	3740:50:+	16743	1	7.164018e-05	0.000000e+00	0.000000e+00
scaffold218	3740:58:+	16751	1	-4.202794e-05	2.680501e-02	1.000000e-03
scaffold224	3823:25:+	110	1	5.135411e-04	1.049287e-01	1.580000e-02
scaffold224	3823:30:+	115	1	2.903032e-04	0.000000e+00	0.000000e+00
scaffold224	3823:138:+	223	1	5.135411e-04	2.732863e-01	2.430000e-02
scaffold227	3862:115:-	754	0	-1.203027e-04	0.000000e+00	0.000000e+00
scaffold227	3879:16:+	31071	1	-1.305648e-05	0.000000e+00	0.000000e+00
scaffold227	3908:85:-	64699	1	4.671557e-04	0.000000e+00	0.000000e+00
scaffold231	3988:14:+	72375	0	-2.263071e-04	0.000000e+00	0.000000e+00
scaffold231	4000:105:+	88406	2	6.042105e-04	0.000000e+00	0.000000e+00
scaffold236	4136:42:-	55745	0	-7.615413e-05	0.000000e+00	0.000000e+00
scaffold239	4304:67:-	12881	1	9.887708e-05	0.000000e+00	0.000000e+00
scaffold239	4304:45:-	12903	1	4.155988e-04	0.000000e+00	0.000000e+00
scaffold240	4324:15:+	7086	2	-2.411631e-04	0.000000e+00	0.000000e+00
scaffold240	4324:124:+	7195	2	-2.505815e-04	-5.945537e-02	3.000000e-04
scaffold245	4466:44:+	5131	1	-5.303911e-04	0.000000e+00	0.000000e+00
scaffold245	4466:109:+	5196	1	-5.555339e-04	0.000000e+00	0.000000e+00
scaffold245	4478:58:-	12011	1	-1.555714e-04	-1.592931e-01	1.000000e-04
scaffold251	4597:111:-	40818	2	6.924956e-06	0.000000e+00	0.000000e+00
scaffold251	4612:11:+	69061	1	6.135366e-06	0.000000e+00	0.000000e+00
scaffold253	4692:68:+	51072	2	-1.256852e-04	0.000000e+00	0.000000e+00
scaffold253	4692:96:+	51100	2	-3.978717e-04	0.000000e+00	0.000000e+00
scaffold253	4692:139:+	51143	2	4.252895e-04	9.531496e-02	1.600000e-03
scaffold254	4696:121:-	1996	1	-1.558572e-04	0.000000e+00	0.000000e+00
scaffold254	4696:15:-	2102	0	-3.455120e-04	0.000000e+00	0.000000e+00
scaffold255	4709:78:+	9002	0	5.090779e-04	0.000000e+00	0.000000e+00
scaffold264	4919:134:+	19960	1	-3.471981e-04	0.000000e+00	0.000000e+00
scaffold267	4962:83:+	36599	2	-1.581710e-04	0.000000e+00	0.000000e+00
scaffold268	4982:19:-	12902	2	5.674748e-04	0.000000e+00	0.000000e+00
scaffold268	4992:85:-	22806	0	6.297668e-04	0.000000e+00	0.000000e+00
scaffold269	5016:78:+	33127	2	3.752989e-05	0.000000e+00	0.000000e+00
scaffold271	5097:53:-	58042	2	-1.197949e-04	0.000000e+00	0.000000e+00
scaffold272	5212:90:-	126505	2	7.051551e-05	0.000000e+00	0.000000e+00
scaffold272	5222:76:-	132360	0	2.712855e-04	2.215138e-01	1.000000e-04
scaffold275	5288:48:+	26132	2	4.763753e-04	1.644987e-01	3.260000e-02
scaffold275	5288:124:+	26208	2	-9.629349e-05	-3.148330e-02	2.600000e-03
scaffold276	5307:75:-	12345	2	7.152295e-04	6.860177e-02	1.400000e-03
scaffold279	5366:44:+	7042	0	-2.175297e-04	-1.476387e-04	6.600000e-03
scaffold279	5366:90:+	7088	1	-2.715086e-04	0.000000e+00	0.000000e+00
scaffold279	5419:18:-	92625	2	-4.576993e-04	0.000000e+00	0.000000e+00
scaffold281	5484:138:-	20596	0	-2.181167e-04	0.000000e+00	0.000000e+00
scaffold281	5484:14:-	20720	1	2.567312e-05	0.000000e+00	0.000000e+00
scaffold282	5514:18:+	25826	2	-4.603584e-05	0.000000e+00	0.000000e+00
scaffold287	5661:84:+	14226	1	1.204664e-04	6.807816e-03	1.600000e-03
scaffold288	5709:69:+	37558	1	-8.366608e-05	0.000000e+00	0.000000e+00
scaffold289	5740:31:-	21098	2	4.061635e-05	0.000000e+00	0.000000e+00
scaffold289	5765:8:+	32546	2	3.164621e-05	0.000000e+00	0.000000e+00
scaffold289	5765:34:+	32572	2	3.164621e-05	0.000000e+00	0.000000e+00
scaffold289	5765:115:+	32653	2	-2.966917e-04	0.000000e+00	0.000000e+00
scaffold290	5790:43:+	12961	2	-2.909045e-04	0.000000e+00	0.000000e+00
scaffold290	5802:36:+	31639	0	2.435553e-04	0.000000e+00	0.000000e+00
scaffold293	5944:42:+	52816	0	7.196728e-05	2.744590e-02	1.500000e-03
scaffold294	5956:71:-	1284	1	-3.182684e-04	0.000000e+00	0.000000e+00
scaffold295	5991:97:+	4427	2	-2.530711e-04	-3.158846e-02	1.190000e-02
scaffold296	6069:9:+	23217	1	-4.300640e-06	8.644017e-01	1.007000e-01
scaffold296	6069:44:+	23252	1	-4.300640e-06	0.000000e+00	0.000000e+00
scaffold296	6069:45:+	23253	1	-4.300640e-06	0.000000e+00	0.000000e+00
scaffold296	6069:58:+	23266	1	-4.300640e-06	9.081139e-01	1.003000e-01
scaffold296	6069:78:+	23286	1	-4.300640e-06	0.000000e+00	0.000000e+00
scaffold296	6069:80:+	23288	1	-4.300640e-06	0.000000e+00	0.000000e+00
scaffold296	6069:109:+	23317	1	-4.300640e-06	0.000000e+00	0.000000e+00
scaffold298	6180:113:-	7674	0	-4.584157e-05	-5.937600e-02	1.000000e-04
scaffold298	6180:112:-	7675	0	-4.584157e-05	0.000000e+00	0.000000e+00
scaffold298	6180:53:-	7734	0	-3.754471e-06	-2.645312e-03	6.000000e-04
scaffold301	6362:136:-	55797	2	-7.729412e-04	-4.718027e-02	2.200000e-03
scaffold301	6410:112:+	125164	0	3.584987e-05	0.000000e+00	0.000000e+00
scaffold301	6448:62:-	166201	0	5.569651e-05	0.000000e+00	0.000000e+00
scaffold302	6456:126:+	9343	2	-1.884123e-06	0.000000e+00	0.000000e+00
scaffold304	6494:104:+	31550	1	1.268557e-03	5.906798e-02	2.100000e-03
scaffold304	6494:117:+	31563	2	-2.085104e-05	0.000000e+00	0.000000e+00
scaffold304	6516:55:+	75985	0	7.546190e-05	-5.391167e-03	1.100000e-03
scaffold304	6524:44:-	83703	2	-2.073030e-04	-6.013677e-02	2.000000e-03
scaffold306	6655:20:+	24871	2	6.762059e-04	0.000000e+00	0.000000e+00
scaffold306	6673:37:+	48656	1	-2.992321e-04	0.000000e+00	0.000000e+00
scaffold306	6673:93:+	48712	1	-2.177512e-04	1.152425e-01	2.000000e-04
scaffold306	6704:44:+	79664	1	-7.643561e-04	-1.056417e-01	4.700000e-03
scaffold306	6716:92:-	104036	0	-7.266955e-04	0.000000e+00	0.000000e+00
