chr	rs	ps	n_miss	alpha	beta	gamma
C589	6741:76:-	417	2	-1.639862e-04	-6.026082e-03	1.220000e-02
C831	6776:100:+	710	1	9.514515e-05	3.496769e-03	1.330000e-02
C831	6776:106:+	716	1	9.511723e-05	4.274724e-03	1.240000e-02
C1281	6844:21:+	64	1	9.374075e-05	2.915402e-03	1.120000e-02
C1281	6844:38:+	81	1	-4.393313e-06	1.906188e-04	1.210000e-02
C1281	6844:64:+	107	1	-1.861702e-05	-6.144219e-03	1.210000e-02
C1443	6900:62:-	1203	1	5.777230e-05	3.474735e-04	1.250000e-02
C1875	7065:117:+	433	2	2.800613e-05	6.268284e-03	1.380000e-02
C2003	7105:77:-	338	1	-4.529869e-06	9.491544e-04	1.090000e-02
C2009	7109:52:-	395	2	-8.316043e-05	3.380696e-03	1.080000e-02
C2037	7120:40:+	1706	1	4.548230e-05	6.070121e-04	1.380000e-02
C2037	7120:65:+	1731	1	-4.735234e-05	-1.045624e-01	1.890000e-02
C2037	7120:116:+	1782	1	-1.948260e-05	8.489912e-04	1.410000e-02
C2049	7124:83:+	645	0	1.338187e-04	2.613322e-03	1.040000e-02
C2393	7280:114:+	741	1	-6.910856e-05	-4.146474e-03	1.170000e-02
C2407	7293:111:+	329	0	-9.013312e-05	-1.507446e-03	1.040000e-02
C2675	7430:51:+	941	2	-4.413878e-06	3.325651e-03	1.260000e-02
C2675	7430:88:+	978	2	-1.590158e-05	1.555767e-03	1.170000e-02
C2691	7443:64:-	1185	0	-4.144806e-06	1.279087e-03	1.050000e-02
C2773	7495:82:+	524	2	-9.951241e-06	-6.861156e-02	3.440000e-02
C2889	7561:84:+	1854	1	-5.413261e-06	-2.292312e-04	1.040000e-02
C2933	7590:133:-	1326	2	2.236844e-05	-1.415311e-03	1.330000e-02
C3091	7706:85:+	269	1	3.964637e-05	-4.629906e-03	1.080000e-02
C3091	7706:126:+	310	1	9.461077e-05	7.226856e-02	6.150000e-02
C3117	7720:79:+	2048	1	-7.252132e-05	-7.896445e-02	1.091000e-01
C3127	7722:114:-	504	0	4.591802e-05	-4.169058e-04	1.210000e-02
C3127	7722:45:-	573	0	-3.069806e-05	-1.762500e-02	8.430000e-02
C3129	7724:95:-	1308	2	4.793554e-05	-5.652043e-03	1.200000e-02
C3243	7801:89:-	855	2	-1.513900e-05	1.387756e-03	1.410000e-02
C3243	7801:14:-	930	2	-1.099451e-05	-7.431602e-04	1.580000e-02
C3379	7925:12:+	2828	1	1.750018e-04	1.769671e-01	1.780000e-02
C3379	7925:93:+	2909	2	-9.325892e-05	-1.215449e-03	1.480000e-02
C3389	7945:46:+	852	2	-6.551493e-05	-1.291086e-03	1.180000e-02
C3393	7947:19:+	585	2	-1.835554e-07	-9.662959e-03	1.240000e-02
C3393	7947:86:+	652	2	-1.835554e-07	1.779954e-03	1.220000e-02
C3393	7951:60:+	2494	0	-9.217096e-05	-3.740671e-03	9.600000e-03
C3393	7951:93:+	2527	0	-5.939951e-05	-6.160793e-02	1.660000e-02
C3409	7970:120:+	390	2	3.552637e-05	1.575164e-03	1.290000e-02
C3413	7977:84:+	2561	0	-8.757015e-07	9.851548e-04	1.000000e-02
C3427	7994:20:-	3412	1	-1.345977e-05	-1.569877e-03	7.900000e-03
C3467	8011:107:-	385	2	-5.070433e-06	-2.648586e-02	3.300000e-02
C3467	8011:21:-	471	2	-5.070433e-06	5.184728e-04	1.030000e-02
C3469	8018:125:+	1502	0	1.115638e-04	2.430085e-02	1.250000e-02
C3487	8031:80:-	3064	1	4.457045e-05	7.990305e-03	1.210000e-02
C3525	8071:90:-	2079	0	-3.243728e-05	1.137975e-03	1.180000e-02
C3529	8076:41:-	1191	2	6.834498e-05	5.658596e-04	9.200000e-03
C3567	8108:139:-	2589	1	-2.915628e-05	-1.448605e-03	1.160000e-02
C3595	8131:39:+	2291	0	7.648713e-05	7.713125e-03	1.320000e-02
C3595	8131:116:+	2368	0	-3.721715e-05	6.685504e-04	9.500000e-03
C3617	8164:88:+	792	2	-9.921174e-05	-3.856944e-03	1.010000e-02
C3617	8164:102:+	806	2	7.868670e-05	1.056881e-01	1.200000e-02
C3641	8180:47:+	488	0	-1.740763e-05	4.970549e-03	1.160000e-02
C3737	8297:119:-	1896	1	2.368856e-05	-1.516049e-04	1.360000e-02
C3817	8382:37:+	477	2	3.418571e-05	7.241024e-05	1.220000e-02
C3823	8386:111:+	945	1	-1.192935e-05	-4.515112e-03	1.400000e-02
C3823	8386:138:+	972	1	-9.489532e-06	-5.012770e-03	1.150000e-02
C3835	8407:22:+	2954	0	-8.320299e-06	3.529666e-03	1.110000e-02
C3849	8431:108:-	2656	0	-2.434657e-05	-3.863015e-03	1.160000e-02
C3915	8513:5:+	3630	0	1.794991e-05	2.510016e-02	1.290000e-02
C3915	8513:6:+	3631	0	7.118887e-05	-2.762702e-03	1.090000e-02
C3915	8513:61:+	3686	0	-3.728547e-06	3.232256e-04	1.180000e-02
C3975	8586:69:-	2729	1	-9.404523e-06	6.980582e-02	2.990000e-02
C4035	8630:61:+	2679	0	-2.410751e-05	-2.010352e-02	1.240000e-02
C4037	8639:72:-	4041	2	2.589482e-05	5.225623e-03	1.110000e-02
C4091	8698:41:-	1549	2	-2.862855e-05	-8.881961e-05	1.020000e-02
C4121	8734:15:+	18	0	1.074933e-04	2.610495e-03	1.230000e-02
C4121	8734:52:+	55	0	3.385563e-05	3.211459e-02	1.400000e-02
C4153	8762:51:+	918	1	-4.309236e-05	-2.424314e-03	1.180000e-02
C4153	8762:77:+	944	1	-1.325308e-04	-8.260811e-02	3.460000e-02
C4153	8762:124:+	991	1	1.795949e-05	-6.837742e-03	9.700000e-03
C4177	8787:106:-	3662	0	-3.897490e-05	-2.493139e-03	1.360000e-02
C4177	8787:12:-	3756	0	-8.320299e-06	3.811413e-05	1.160000e-02
C4209	8820:27:+	2773	2	1.290395e-04	-3.801208e-03	1.150000e-02
C4247	8858:101:+	776	0	2.167231e-04	9.527983e-03	8.900000e-03
C4247	8858:102:+	777	0	2.167231e-04	7.155359e-02	1.720000e-02
C4255	8866:99:-	46	0	1.218488e-04	-2.067486e-04	1.200000e-02
C4285	8912:105:+	3246	2	9.722605e-05	9.466845e-02	2.410000e-02
C4343	8968:77:+	4263	1	1.119999e-04	-6.276674e-03	1.030000e-02
C4367	8973:104:+	723	2	8.993485e-06	-9.607700e-04	1.270000e-02
C4385	9003:37:-	1377	2	6.526671e-05	2.324726e-03	1.450000e-02
C4407	9034:63:-	1767	2	-4.196269e-05	-4.265722e-03	1.140000e-02
C4429	9062:107:+	3004	1	-3.382999e-05	2.681728e-03	1.090000e-02
C4439	9074:154:-	3381	0	8.460395e-05	1.018395e-03	1.020000e-02
C4439	9074:83:-	3452	0	1.275289e-05	-1.076659e-03	1.310000e-02
C4439	9074:68:-	3467	0	-4.153748e-05	5.459130e-04	1.070000e-02
C4477	9147:10:+	2937	1	1.467447e-05	-2.366151e-03	6.300000e-03
C4477	9147:19:+	2946	1	5.865766e-05	9.590593e-04	1.220000e-02
C4561	9241:83:-	873	2	-6.302577e-05	-3.653267e-03	1.260000e-02
C4561	9241:64:-	892	2	-8.865088e-06	1.194761e-03	1.060000e-02
C4641	9362:38:-	383	2	-5.887402e-05	-3.963104e-03	1.340000e-02
C4641	9365:129:-	1259	2	-1.194132e-05	5.312987e-02	1.080000e-02
C4641	9365:95:-	1293	2	-2.636853e-05	-5.206058e-03	9.100000e-03
C4641	9369:130:-	1907	1	-7.266602e-05	-3.257431e-04	1.210000e-02
C4641	9369:116:-	1921	1	-6.788735e-05	4.388587e-04	1.170000e-02
C4641	9369:89:-	1948	2	-6.960778e-05	1.300981e-04	1.110000e-02
C4641	9369:78:-	1959	2	-6.960778e-05	-2.126231e-03	1.090000e-02
C4641	9369:47:-	1990	1	-6.788735e-05	7.645039e-04	1.210000e-02
C4641	9369:44:-	1993	1	-7.560510e-05	-1.679297e-03	1.220000e-02
C4641	9369:37:-	2000	2	-6.960778e-05	-9.768541e-05	1.200000e-02
C4641	9369:21:-	2016	1	-7.266602e-05	-3.656488e-03	1.520000e-02
C4641	9369:15:-	2022	1	-7.560510e-05	-2.861272e-04	1.090000e-02
C4641	9369:7:-	2030	1	-7.266602e-05	2.867232e-04	1.250000e-02
C4661	9404:81:+	868	1	5.110295e-05	-1.970155e-04	1.140000e-02
C4755	9536:14:+	4402	1	-5.519555e-05	-4.300446e-03	1.200000e-02
C4783	9576:87:-	5071	1	9.187704e-05	7.884852e-03	1.130000e-02
C4783	9575:26:+	5181	2	-1.045275e-04	-3.854111e-04	1.180000e-02
C4783	9575:46:+	5201	2	-3.922508e-05	-2.754311e-04	1.090000e-02
C4783	9575:70:+	5225	2	7.483326e-05	7.627383e-03	1.500000e-02
C4783	9575:85:+	5240	2	-2.173599e-05	-5.144747e-03	9.600000e-03
C4821	9628:107:-	577	1	1.078908e-04	-3.565831e-04	1.060000e-02
C4821	9628:103:-	581	1	1.699438e-05	-6.866220e-04	8.400000e-03
C4821	9628:33:-	651	1	-9.145254e-05	-3.847942e-03	1.090000e-02
C4839	9651:109:-	3155	0	-1.316753e-05	3.119290e-03	1.070000e-02
C4869	9687:100:-	3730	1	7.806167e-05	1.031247e-03	1.230000e-02
C4881	9708:35:+	1476	2	-7.008044e-05	-2.340234e-03	1.240000e-02
C4881	9708:57:+	1498	2	-1.384757e-05	6.979585e-04	1.050000e-02
C4881	9710:59:+	4374	1	-1.481295e-04	-2.716785e-02	8.680000e-02
C4881	9710:73:+	4388	1	-3.796247e-05	3.415576e-03	3.080000e-02
C4887	9718:60:-	3906	0	-4.588199e-05	1.111766e-03	1.250000e-02
C4887	9718:28:-	3938	0	-3.058861e-05	-5.263240e-03	1.190000e-02
C4949	9807:109:+	1362	0	-3.313343e-06	-1.761870e-03	1.280000e-02
C5047	9953:101:+	5216	1	1.059181e-05	2.621827e-03	1.350000e-02
C5067	10003:53:-	805	0	-8.331616e-05	-5.634606e-03	1.350000e-02
C5071	10020:100:-	5029	2	-1.299655e-05	-1.985508e-03	1.310000e-02
C5071	10020:97:-	5032	2	-1.299655e-05	-7.781002e-02	2.270000e-02
C5071	10020:86:-	5043	2	-1.299655e-05	-2.381789e-03	1.220000e-02
C5071	10020:39:-	5090	2	-5.638156e-05	-7.216642e-03	1.360000e-02
C5127	10106:62:-	1456	1	-3.107718e-05	-3.786340e-03	9.800000e-03
C5175	10201:63:+	3178	2	-1.087166e-05	1.615973e-03	9.700000e-03
C5185	10220:48:-	2494	0	-1.083396e-05	3.393967e-03	1.140000e-02
C5193	10236:104:-	2158	0	8.775835e-05	1.293605e-03	1.180000e-02
C5223	10296:23:-	4863	0	-1.255932e-05	-6.423999e-04	1.430000e-02
C5229	10302:49:+	4689	0	1.640548e-05	3.418230e-03	1.010000e-02
C5261	10354:128:-	5835	0	-1.621487e-05	-1.547307e-03	1.090000e-02
C5261	10354:125:-	5838	0	-1.621487e-05	-3.193650e-03	1.040000e-02
C5261	10354:108:-	5855	0	-1.621487e-05	-3.477662e-03	1.120000e-02
C5261	10354:79:-	5884	0	-1.621487e-05	8.568391e-04	9.700000e-03
C5261	10354:50:-	5913	0	-1.621487e-05	-1.409893e-04	1.110000e-02
C5261	10354:25:-	5938	0	-1.621487e-05	1.010422e-04	1.220000e-02
C5289	10394:69:-	4409	2	-1.576974e-05	-4.165406e-04	8.800000e-03
C5415	10602:10:-	4086	1	2.474159e-05	-3.006874e-04	1.120000e-02
C5415	10602:5:-	4091	1	2.474159e-05	-7.770098e-03	1.230000e-02
C5429	10622:103:+	2605	0	-8.088594e-05	-4.482102e-03	1.530000e-02
C5459	10675:7:+	879	2	-5.823369e-06	5.560403e-04	1.150000e-02
C5459	10675:85:+	957	2	-1.285430e-04	-1.391614e-01	2.810000e-02
C5461	10678:24:-	3412	2	4.004585e-05	-1.204484e-03	1.100000e-02
C5461	10678:20:-	3416	2	-1.342258e-04	-9.075507e-03	1.150000e-02
C5493	10729:16:+	867	1	-2.680981e-05	1.222272e-04	1.030000e-02
C5493	10729:36:+	887	2	-4.427797e-05	2.478837e-03	1.050000e-02
C5493	10729:84:+	935	1	-4.851268e-05	2.170091e-03	9.800000e-03
C5493	10729:116:+	967	2	-4.427797e-05	-5.033186e-03	1.290000e-02
C5495	10733:107:-	3563	2	6.913796e-05	3.828670e-03	1.300000e-02
C5503	10746:18:+	1634	2	-5.822924e-05	-1.905117e-03	1.130000e-02
C5521	10762:34:-	100	0	3.528814e-05	1.539348e-03	1.020000e-02
C5597	10944:129:-	4893	0	-1.513160e-04	4.744962e-03	1.360000e-02
C5601	10948:116:-	126	0	-6.653798e-05	1.687856e-03	1.190000e-02
C5601	10948:113:-	129	0	-6.653798e-05	5.461910e-03	9.700000e-03
C5603	10954:115:+	1420	1	7.094955e-05	3.182786e-03	9.500000e-03
C5679	11090:134:+	3607	0	7.577826e-05	9.424204e-02	1.420000e-02
C5705	11132:89:-	4563	1	-3.601571e-05	-2.354489e-04	1.290000e-02
C5705	11132:9:-	4643	1	-1.735200e-04	3.348057e-02	1.660000e-02
C5729	11199:12:+	6223	2	-1.388157e-04	-4.438645e-02	2.460000e-02
C5749	11219:43:+	2266	0	-2.196754e-05	-8.344101e-04	1.240000e-02
C5757	11240:126:-	4496	1	3.651433e-06	8.122765e-04	8.100000e-03
C5771	11263:21:-	3013	1	-9.013465e-06	1.353859e-03	1.180000e-02
C5789	11306:51:+	5082	0	-6.310176e-06	-2.651194e-03	1.190000e-02
C5835	11397:121:+	2001	1	4.670945e-05	6.498890e-03	9.900000e-03
C5885	11498:91:+	4446	2	8.492001e-06	-6.081501e-03	8.600000e-03
C5913	11561:53:-	1395	1	-1.071663e-05	-3.367320e-04	1.540000e-02
C5915	11568:104:+	2396	0	-5.766001e-05	-1.002491e-02	2.250000e-02
C5945	11646:66:-	3980	0	-8.320299e-06	-7.321249e-04	1.000000e-02
C5945	11646:56:-	3990	1	-9.086808e-05	-4.974231e-02	1.480000e-02
C5945	11646:47:-	3999	1	1.770789e-05	7.189249e-03	1.190000e-02
C5947	11667:94:-	7293	2	-3.098419e-05	-4.748246e-03	1.050000e-02
C5955	11682:19:-	3086	0	4.820700e-05	3.763612e-03	9.600000e-03
C5955	11685:101:-	3717	1	6.338603e-05	1.377422e-03	1.280000e-02
C5969	11704:118:+	5122	1	-5.585064e-05	-4.075566e-03	9.200000e-03
C6011	11813:97:+	1623	0	3.284556e-05	1.874470e-02	1.770000e-02
C6041	11863:129:-	3430	0	8.830640e-05	2.949838e-03	1.220000e-02
C6041	11863:62:-	3497	0	-3.648360e-05	6.802421e-03	1.200000e-02
C6057	11882:40:-	1315	1	-3.461663e-05	-8.753429e-03	9.100000e-03
C6123	11992:62:+	302	1	9.682005e-06	-5.385563e-04	1.400000e-02
C6131	12007:107:-	4104	2	-2.462936e-05	-6.517530e-05	8.800000e-03
C6131	12007:45:-	4166	2	-3.516977e-05	-2.263191e-03	1.250000e-02
C6137	12017:96:-	1813	2	1.058593e-05	-2.211360e-03	1.190000e-02
C6137	12017:34:-	1875	2	-5.831419e-05	-1.259172e-01	2.860000e-02
C6147	12039:109:-	1074	0	4.228138e-05	1.265373e-02	1.090000e-02
C6159	12069:97:-	657	0	-5.987157e-06	7.154597e-04	1.340000e-02
C6173	12107:16:+	3433	1	-1.127125e-05	-1.485680e-02	4.050000e-02
C6175	12117:56:-	7447	0	2.513660e-06	-2.842139e-03	1.150000e-02
C6177	12119:37:-	1519	0	-6.185268e-05	-4.886461e-03	1.120000e-02
C6181	12131:69:-	2648	1	1.514110e-05	-1.075033e-04	1.090000e-02
C6183	12136:10:-	4778	1	-5.601507e-05	-7.092962e-03	1.030000e-02
C6197	12168:45:+	6503	1	4.910297e-05	9.161784e-02	9.380000e-02
C6207	12186:39:+	2451	1	-6.734694e-05	2.249147e-03	1.080000e-02
C6207	12191:129:-	4829	2	2.065327e-06	-7.683327e-03	1.040000e-02
C6215	12202:132:-	1198	2	-1.254098e-05	-1.215514e-03	1.060000e-02
C6225	12226:119:+	8261	1	8.677876e-05	8.965976e-02	2.070000e-02
C6237	12247:114:+	3748	1	-9.478737e-05	-1.342321e-02	1.300000e-02
C6239	12252:12:-	3548	1	-1.130486e-04	-1.671843e-03	1.140000e-02
C6249	12286:85:-	5306	2	3.476806e-06	-3.885576e-04	1.180000e-02
C6249	12286:29:-	5362	2	7.544133e-06	2.654960e-03	1.070000e-02
C6249	12286:28:-	5363	2	7.544133e-06	-8.269858e-04	1.590000e-02
C6249	12286:13:-	5378	2	-1.362000e-06	3.303438e-03	9.000000e-03
C6259	12297:72:+	1612	1	-8.163476e-05	3.856224e-03	1.180000e-02
C6259	12297:73:+	1613	1	-8.166267e-05	2.757662e-03	1.030000e-02
C6259	12297:93:+	1633	1	-8.163476e-05	5.999048e-04	9.600000e-03
C6259	12302:117:+	5090	1	-7.241145e-05	-6.518992e-04	1.120000e-02
C6263	12317:97:-	4047	0	8.852190e-05	5.147554e-03	1.260000e-02
C6263	12317:26:-	4118	0	4.333460e-05	2.604772e-03	9.300000e-03
C6263	12317:18:-	4126	0	-5.633204e-05	-3.559274e-03	1.090000e-02
C6273	12348:88:-	1497	2	1.133399e-04	2.744596e-03	1.200000e-02
C6273	12348:62:-	1523	1	-1.765781e-05	-2.545829e-03	1.040000e-02
C6273	12348:12:-	1573	2	-6.911524e-05	-4.886849e-03	1.140000e-02
C6313	12412:71:+	5558	1	-1.451289e-05	-1.201592e-03	1.200000e-02
C6313	12417:85:-	8502	0	-2.371132e-06	-3.431014e-03	1.260000e-02
C6313	12417:80:-	8507	0	7.995467e-05	2.737876e-03	1.300000e-02
C6325	12451:18:+	8279	2	1.357155e-04	5.164807e-03	1.040000e-02
C6339	12487:16:-	457	2	-1.654445e-05	-5.173296e-03	1.280000e-02
C6349	12507:106:-	5052	2	-6.000168e-05	-8.212211e-03	1.140000e-02
C6359	12535:87:-	6552	1	1.548962e-05	2.174803e-04	9.400000e-03
C6395	12603:108:-	1431	2	-5.272249e-05	2.649954e-03	1.000000e-02
C6395	12603:58:-	1481	2	-1.368095e-05	-1.193011e-04	1.280000e-02
C6395	12603:31:-	1508	2	-1.368095e-05	6.359212e-04	1.410000e-02
C6395	12603:15:-	1524	2	-1.368095e-05	-4.778027e-04	1.280000e-02
C6401	12625:15:+	825	2	-2.336590e-06	-1.368548e-03	1.210000e-02
C6423	12659:10:+	202	2	5.489603e-05	5.252689e-01	6.447000e-01
C6423	12659:56:+	248	2	-4.355477e-05	-8.964232e-04	1.320000e-02
C6423	12659:78:+	270	2	-4.378283e-06	-3.731564e-03	9.800000e-03
C6455	12738:111:-	8341	2	-2.558651e-05	1.921598e-04	1.060000e-02
C6455	12738:98:-	8354	2	-5.050809e-05	-2.025712e-03	1.420000e-02
C6481	12768:130:-	5279	1	7.995642e-05	6.565547e-03	1.230000e-02
C6481	12768:49:-	5360	1	1.085978e-05	-2.884030e-02	1.340000e-02
C6487	12773:105:-	1160	2	-2.376481e-05	-5.337807e-03	7.700000e-03
C6487	12773:104:-	1161	2	-2.376481e-05	-1.861326e-03	1.090000e-02
C6499	12817:47:+	7630	0	-1.192248e-05	-1.163677e-03	8.700000e-03
C6507	12824:105:-	445	1	-3.699765e-06	-1.154861e-03	7.800000e-03
C6507	12824:84:-	466	1	-1.023767e-05	3.982876e-03	1.090000e-02
C6507	12824:32:-	518	1	-1.449956e-05	-1.397792e-03	1.090000e-02
C6511	12845:92:+	6614	0	-1.571584e-05	-3.095089e-03	1.190000e-02
C6531	12880:85:-	2926	1	5.792653e-05	-3.521193e-03	9.000000e-03
C6567	12998:20:+	6571	2	4.926304e-05	6.718365e-03	1.330000e-02
C6579	13023:58:-	638	2	-1.729165e-05	-7.039190e-04	1.160000e-02
C6591	13043:141:+	436	2	-2.946593e-05	5.590206e-03	2.030000e-02
C6599	13065:126:-	1140	1	3.096063e-05	-5.576991e-04	1.160000e-02
C6607	13079:56:-	2780	2	5.761960e-06	-2.397465e-03	1.270000e-02
C6649	13194:115:-	5094	0	6.321841e-05	2.322176e-02	1.340000e-02
C6691	13254:26:-	2019	0	6.883011e-05	3.697845e-03	1.010000e-02
C6691	13254:21:-	2024	0	-5.547963e-05	-1.913613e-03	1.130000e-02
C6699	13282:115:-	3115	1	-4.727725e-06	-7.302559e-05	1.460000e-02
C6703	13295:40:+	5300	0	8.285165e-05	-1.374672e-03	1.130000e-02
C6733	13361:122:-	4704	1	-2.905713e-05	-3.884863e-03	1.400000e-02
C6733	13361:118:-	4708	1	-5.284108e-05	-2.132610e-03	1.270000e-02
C6733	13361:110:-	4716	0	-2.323063e-05	-5.290173e-04	1.010000e-02
C6733	13366:28:+	7118	2	-3.932283e-05	-1.150482e-02	1.230000e-02
C6743	13387:24:-	8995	1	-1.115183e-05	-1.849445e-03	1.180000e-02
C6759	13415:110:+	4632	0	8.930317e-06	4.026892e-03	1.040000e-02
C6761	13422:115:+	4235	2	-1.738821e-05	-3.889900e-03	1.400000e-02
C6761	13422:129:+	4249	2	-3.966310e-05	-2.286696e-03	1.300000e-02
C6777	13454:46:-	3788	0	2.225353e-05	4.811949e-03	1.280000e-02
C6789	13506:121:+	6124	2	-1.870890e-06	1.516023e-03	9.800000e-03
C6799	13533:118:+	1533	2	-5.091094e-05	-4.438899e-03	1.150000e-02
C6809	13549:86:-	9142	2	9.455843e-05	7.582263e-03	1.060000e-02
C6809	13549:56:-	9172	2	2.133968e-06	-1.215973e-02	1.080000e-02
C6835	13662:33:+	892	0	-3.761052e-05	-1.967326e-03	1.250000e-02
C6859	13735:67:-	6215	0	-3.717778e-05	-3.806090e-03	8.300000e-03
C6863	13746:45:-	9970	2	8.006898e-05	1.221238e-03	1.000000e-02
C6893	13806:120:-	3911	2	-6.948116e-05	7.889858e-04	1.530000e-02
C6893	13806:48:-	3983	2	1.686370e-05	-3.599483e-02	2.520000e-02
C6977	13975:28:-	7729	2	3.313416e-05	5.116012e-03	1.480000e-02
C6993	14000:84:+	10169	0	3.700084e-05	-1.224204e-03	8.000000e-03
C7003	14025:24:-	10249	0	1.196942e-04	1.507717e-01	1.720000e-02
C7029	14074:20:+	8820	0	-4.061080e-05	5.476984e-02	1.730000e-02
C7033	14087:18:+	261	0	3.726225e-05	7.515836e-03	1.170000e-02
C7033	14087:55:+	298	0	7.761308e-06	-1.716830e-03	1.360000e-02
C7037	14117:32:-	8924	2	-2.648721e-05	-1.477503e-03	1.090000e-02
C7037	14117:20:-	8936	2	1.072338e-04	2.057599e-03	1.120000e-02
C7057	14180:106:+	1332	2	-1.140279e-04	-6.862299e-04	9.200000e-03
C7063	14215:18:-	6458	0	-6.937783e-05	-6.701693e-04	1.270000e-02
C7083	14265:88:+	10320	0	-1.131410e-05	-4.591096e-03	1.370000e-02
C7099	14318:64:+	6557	2	-1.087644e-05	-1.066218e-03	1.000000e-02
C7099	14318:78:+	6571	2	-1.087644e-05	3.030393e-03	1.070000e-02
C7103	14327:22:+	10193	1	5.866974e-05	-1.195619e-03	1.190000e-02
C7107	14335:43:+	447	0	-1.705444e-04	-7.480587e-04	1.240000e-02
C7109	14345:55:+	5953	2	-2.430383e-05	-1.047133e-02	2.390000e-02
C7109	14345:67:+	5965	2	1.959875e-04	8.877439e-03	1.360000e-02
C7109	14345:92:+	5990	2	1.959875e-04	8.362808e-03	1.050000e-02
C7123	14400:92:+	8245	2	2.741161e-05	4.016585e-03	1.030000e-02
C7169	14539:9:+	6723	1	-9.489532e-06	1.600228e-03	9.000000e-03
C7173	14570:96:+	8344	2	-9.749053e-05	-1.380140e-03	1.190000e-02
C7173	14570:111:+	8359	2	1.142785e-04	5.547182e-03	1.220000e-02
C7173	14573:70:-	8691	2	-2.170457e-05	4.945709e-03	1.250000e-02
C7173	14573:40:-	8721	2	-2.170457e-05	-1.389400e-03	1.360000e-02
C7181	14593:27:-	8269	0	-6.433832e-05	-4.644957e-03	8.900000e-03
C7191	14627:121:-	7619	2	-6.434083e-06	-2.197033e-03	1.240000e-02
C7195	14642:56:+	5930	1	-1.127125e-05	1.552784e-03	1.170000e-02
C7197	14662:46:+	10943	0	-3.617465e-05	1.116113e-03	1.070000e-02
C7225	14750:106:-	6595	2	7.614660e-06	3.927535e-03	1.100000e-02
C7225	14750:97:-	6604	2	6.299746e-05	3.979078e-03	8.900000e-03
C7263	14880:62:-	8565	2	-5.333242e-05	-3.520854e-03	1.400000e-02
C7277	14921:110:+	8724	1	-1.617453e-04	-5.652991e-03	1.110000e-02
C7299	14994:54:+	1465	2	-7.088273e-05	-2.477425e-04	1.100000e-02
C7315	15049:16:+	7168	0	8.977000e-05	-1.901287e-05	1.130000e-02
C7319	15054:51:-	7397	0	-5.914328e-05	2.228198e-05	1.400000e-02
C7327	15095:10:-	11216	2	2.273432e-06	4.492797e-03	1.470000e-02
C7333	15120:29:-	5414	2	2.172550e-05	4.986329e-03	1.020000e-02
C7333	15126:66:+	7669	2	1.196704e-05	4.173539e-03	1.040000e-02
C7353	15175:117:-	6168	2	-5.369602e-05	-3.216528e-03	9.300000e-03
C7361	15209:50:+	3561	2	1.013717e-04	5.630201e-03	1.120000e-02
C7361	15209:52:+	3563	2	1.013717e-04	1.459355e-03	1.090000e-02
C7381	15264:63:+	7584	0	-1.529093e-05	-1.747343e-03	1.190000e-02
C7397	15306:90:+	11484	0	5.076361e-05	2.352453e-03	1.090000e-02
C7429	15394:5:-	10202	0	1.092555e-05	-5.796113e-03	1.280000e-02
C7451	15439:127:+	4250	2	-3.807250e-05	-1.029386e-03	1.130000e-02
C7475	15513:109:-	4948	2	-3.875649e-05	4.445383e-04	1.480000e-02
C7489	15576:82:-	8628	2	-5.740031e-05	-2.714822e-04	1.100000e-02
C7497	15597:12:+	5150	0	1.113814e-04	1.480678e-03	9.100000e-03
C7523	15672:120:-	11991	2	2.456362e-05	2.341482e-03	1.310000e-02
C7527	15686:85:-	9857	2	-6.092194e-05	-2.850661e-04	1.170000e-02
C7527	15687:63:-	10334	0	6.883811e-05	3.149706e-03	1.110000e-02
C7527	15690:139:-	11183	1	-4.105932e-05	6.977567e-03	1.370000e-02
C7535	15709:40:-	10767	0	1.050648e-04	6.418839e-03	1.280000e-02
C7535	15709:28:-	10779	0	-2.969947e-05	3.706814e-03	9.900000e-03
C7559	15776:23:+	5790	2	-8.263762e-06	5.204937e-03	1.090000e-02
C7559	15776:89:+	5856	2	5.424526e-06	2.225097e-03	1.180000e-02
C7559	15778:32:+	9742	2	-7.071332e-05	-1.478310e-03	1.260000e-02
C7561	15794:102:-	11540	2	-1.812855e-05	-2.759636e-03	9.500000e-03
C7561	15794:50:-	11592	2	-1.747838e-05	1.369683e-04	9.700000e-03
C7561	15794:40:-	11602	2	-1.747838e-05	-2.836453e-03	1.150000e-02
C7569	15808:15:+	6554	0	-3.717778e-05	5.316058e-04	1.260000e-02
C7569	15808:98:+	6637	0	-3.717778e-05	1.324991e-03	8.900000e-03
C7625	15998:72:-	10545	1	-4.994635e-06	1.076626e-04	1.070000e-02
C7631	16020:108:-	10689	2	5.958803e-05	8.019764e-03	1.400000e-02
C7637	16048:59:+	11685	1	-8.996016e-05	-4.300230e-03	1.020000e-02
C7637	16048:68:+	11694	2	2.829933e-06	2.233385e-03	9.300000e-03
C7647	16081:125:+	1968	2	1.088640e-06	-3.336182e-03	1.140000e-02
C7699	16262:83:+	3842	0	-7.652654e-05	-6.547037e-04	1.530000e-02
C7699	16262:112:+	3871	0	-2.844274e-05	4.493255e-04	1.050000e-02
C7737	16427:88:-	9863	0	-3.933408e-05	-1.648629e-04	1.140000e-02
C7737	16427:22:-	9929	0	-9.637166e-06	-7.425807e-05	1.080000e-02
C7739	16428:118:+	4788	1	-1.122011e-04	-6.105005e-03	1.230000e-02
C7741	16434:9:+	1610	1	5.099275e-05	-1.307021e-03	8.200000e-03
C7775	16552:82:+	2667	1	-1.153469e-04	3.780218e-03	1.250000e-02
C7821	16735:41:+	3185	1	-3.663156e-05	-6.236073e-04	1.210000e-02
C7827	16762:85:+	10178	0	6.384345e-05	1.221515e-02	1.110000e-02
C7827	16762:134:+	10227	1	-5.025692e-05	-4.235851e-03	1.110000e-02
C7827	16762:135:+	10228	1	-5.147929e-05	-2.963154e-03	1.260000e-02
C7837	16778:12:+	13829	1	3.711536e-05	3.131980e-03	1.190000e-02
C7885	16903:73:-	1168	2	-7.391300e-06	-6.224415e-04	1.420000e-02
C7885	16903:55:-	1186	2	8.002124e-06	-6.806257e-03	8.800000e-03
C7885	16914:41:+	12452	0	-1.124640e-04	-6.238269e-03	1.430000e-02
C7887	16920:16:-	8086	1	8.320607e-05	2.160828e-03	1.230000e-02
C7891	16945:33:+	7306	2	6.278047e-05	-2.340640e-03	9.700000e-03
C7901	16990:123:-	289	0	3.821980e-05	3.647300e-03	1.290000e-02
C7901	16990:56:-	356	0	6.980673e-05	2.698916e-03	1.100000e-02
C7905	17023:61:-	5490	1	-4.401565e-05	-4.788231e-03	1.080000e-02
C7975	17295:117:-	5028	2	3.347088e-05	6.428080e-03	7.600000e-03
C7975	17295:13:-	5132	2	-3.711932e-05	3.661128e-03	1.440000e-02
C7995	17360:131:-	10910	2	6.663740e-05	2.477585e-03	1.290000e-02
C7995	17360:93:-	10948	2	6.663740e-05	7.241605e-02	1.460000e-02
C7995	17360:87:-	10954	2	6.663740e-05	2.559508e-03	1.220000e-02
C7995	17360:81:-	10960	2	6.663740e-05	6.072501e-02	1.970000e-02
C7995	17360:76:-	10965	2	6.663740e-05	1.279026e-05	1.150000e-02
C7995	17360:5:-	11036	2	6.663740e-05	-1.331707e-03	1.310000e-02
C8005	17378:118:-	4677	2	2.865247e-05	-1.881226e-03	7.700000e-03
C8005	17378:110:-	4685	2	6.872808e-06	-8.447997e-04	1.310000e-02
C8005	17378:93:-	4702	2	-9.136514e-07	1.029597e-03	1.300000e-02
C8013	17405:99:-	14996	2	-5.830812e-05	-2.735009e-03	9.900000e-03
C8013	17405:22:-	15073	1	1.596598e-05	1.927562e-03	9.700000e-03
C8013	17405:11:-	15084	0	2.241482e-04	-3.150388e-04	1.360000e-02
C8013	17405:10:-	15085	0	2.241482e-04	7.339471e-02	9.300000e-02
C8013	17405:8:-	15087	1	-1.399133e-05	-7.249945e-03	1.100000e-02
C8023	17432:133:+	4973	2	2.913267e-05	2.285909e-03	1.190000e-02
C8023	17444:108:-	8515	2	3.041587e-06	-8.597149e-04	1.060000e-02
C8023	17446:92:-	9410	0	-5.686817e-05	-1.456424e-03	8.700000e-03
C8023	17446:81:-	9421	0	-6.927151e-06	-4.141514e-04	1.180000e-02
C8023	17446:74:-	9428	2	4.867749e-05	-6.215579e-04	1.330000e-02
C8023	17445:71:+	9570	0	9.481152e-05	3.791348e-02	2.750000e-02
C8023	17445:107:+	9606	0	-4.117261e-05	7.402449e-03	2.070000e-02
C8025	17452:97:-	1353	1	1.163809e-04	1.763413e-01	3.897000e-01
C8025	17452:95:-	1355	1	-4.228504e-05	1.012535e-03	1.110000e-02
C8025	17452:78:-	1372	1	-2.362568e-05	3.312582e-03	1.430000e-02
C8071	17631:105:+	3467	2	-3.856957e-05	2.752750e-03	9.100000e-03
C8083	17702:44:-	8546	1	-1.981545e-05	-5.304198e-03	1.100000e-02
C8083	17706:45:+	15568	1	5.925496e-05	2.901252e-03	9.400000e-03
C8083	17706:108:+	15631	1	-2.908885e-05	2.815769e-04	9.300000e-03
C8085	17716:61:-	10111	0	4.336661e-05	-6.805225e-04	8.900000e-03
C8085	17716:52:-	10120	0	4.617251e-05	-7.774139e-03	1.140000e-02
C8085	17716:41:-	10131	0	3.776658e-05	2.036681e-02	1.690000e-02
C8099	17819:11:+	15116	2	-2.838387e-06	2.326975e-03	1.310000e-02
C8099	17819:28:+	15133	2	-2.838387e-06	-8.727281e-04	1.230000e-02
C8099	17819:65:+	15170	2	-2.838387e-06	3.082910e-05	1.050000e-02
C8099	17819:79:+	15184	2	-2.838387e-06	-1.442767e-03	1.100000e-02
C8107	17842:63:-	2082	2	5.872856e-05	-3.021892e-03	7.900000e-03
C8143	18027:75:-	9378	0	2.314370e-05	-9.459067e-03	1.160000e-02
C8143	18027:40:-	9413	0	2.314370e-05	-1.066594e-04	1.360000e-02
C8165	18124:68:-	11098	1	3.035779e-05	-1.077504e-03	1.350000e-02
C8171	18164:128:+	8217	2	-9.797432e-05	-4.842967e-03	9.100000e-03
C8173	18174:121:-	2977	0	-2.844274e-05	-2.631556e-04	1.320000e-02
C8173	18174:22:-	3076	0	1.269438e-05	-4.745186e-03	9.700000e-03
C8199	18323:48:-	10380	2	-2.104874e-05	-5.407053e-05	1.180000e-02
C8199	18323:6:-	10422	2	-4.335843e-05	2.100415e-03	1.270000e-02
C8203	18356:60:-	12059	1	-4.382446e-05	-4.365512e-03	9.500000e-03
C8229	18524:139:-	1203	0	-1.384094e-05	2.800505e-04	1.230000e-02
C8229	18524:82:-	1260	0	-1.407558e-04	2.886408e-03	8.700000e-03
C8233	18565:73:+	10268	0	1.353947e-04	2.504681e-02	2.250000e-02
C8243	18629:71:+	2387	0	2.865643e-05	-4.186235e-03	1.290000e-02
C8243	18632:86:+	3440	1	-2.092550e-05	5.825395e-03	9.800000e-03
C8265	18730:68:-	11760	2	-8.625941e-05	3.388891e-04	1.140000e-02
C8265	18730:47:-	11781	2	-8.625941e-05	-2.994063e-02	1.470000e-02
C8297	18841:73:-	15258	1	-2.942848e-05	-1.899156e-03	1.310000e-02
C8299	18857:132:-	12285	1	4.525604e-05	1.635367e-02	1.490000e-02
C8299	18857:20:-	12397	1	-1.406097e-04	-6.019409e-03	1.240000e-02
C8299	18859:114:-	13493	1	-3.510937e-05	-1.915471e-04	1.220000e-02
C8309	18880:38:-	1812	1	-3.941445e-05	-9.136322e-03	1.000000e-02
C8309	18880:11:-	1839	1	-1.020941e-05	-7.831260e-04	1.130000e-02
C8309	18879:26:+	1873	1	-3.160198e-05	-6.774118e-03	8.900000e-03
C8309	18879:121:+	1968	1	1.268083e-04	6.122008e-03	1.210000e-02
C8311	18886:111:-	1233	2	1.462179e-05	-1.830273e-03	1.010000e-02
C8311	18886:82:-	1262	2	1.462179e-05	-5.183035e-03	1.140000e-02
C8311	18886:79:-	1265	2	1.462179e-05	1.350912e-02	1.430000e-02
C8311	18886:74:-	1270	2	1.462179e-05	2.908237e-03	1.820000e-02
C8311	18886:18:-	1326	1	1.688824e-05	5.503258e-03	1.180000e-02
C8311	18886:5:-	1339	1	1.688824e-05	1.124914e-03	1.110000e-02
C8311	18893:39:+	14857	1	5.143452e-05	9.201102e-03	1.160000e-02
C8327	18955:129:-	3816	2	-7.675037e-05	9.979539e-04	9.800000e-03
C8333	19013:107:+	15863	0	3.056483e-05	1.369187e-04	1.090000e-02
C8343	19054:59:+	3429	0	-1.030326e-05	-8.364229e-04	1.220000e-02
C8347	19092:102:+	7481	0	3.326543e-06	-3.617329e-03	1.130000e-02
C8351	19108:46:+	1367	1	-4.466158e-05	-4.840502e-04	1.130000e-02
C8353	19146:53:-	13492	0	5.911671e-05	1.455719e-03	1.000000e-02
C8363	19196:57:+	9526	0	1.538856e-04	3.287993e-03	1.320000e-02
C8365	19214:27:-	10099	2	-3.755745e-05	-4.811880e-03	1.390000e-02
C8367	19227:108:-	3974	1	1.173818e-04	-2.105229e-03	8.300000e-03
C8367	19227:107:-	3975	1	1.283226e-05	-7.619209e-04	9.200000e-03
C8371	19256:138:+	16875	2	-1.254098e-05	-9.290494e-04	1.050000e-02
C8373	19272:37:-	12859	1	-7.379783e-05	-1.394764e-03	1.220000e-02
C8373	19272:19:-	12877	0	-4.588199e-05	5.827601e-04	1.040000e-02
C8377	19296:65:+	5862	1	-1.863544e-04	-2.429684e-03	1.220000e-02
C8377	19296:126:+	5923	1	-1.863544e-04	-2.255269e-04	1.180000e-02
C8377	19305:130:+	11527	2	1.010644e-05	1.049843e-03	1.160000e-02
C8385	19364:127:-	10348	2	-8.359419e-05	-6.452352e-03	1.260000e-02
C8389	19383:62:+	13225	2	2.238916e-05	1.139850e-02	1.280000e-02
C8393	19395:130:-	10401	2	-5.786259e-05	1.411079e-03	1.110000e-02
C8423	19513:55:-	2860	2	-1.033665e-05	-4.229708e-04	1.010000e-02
C8443	19638:103:+	5764	0	8.802838e-05	5.352833e-03	1.040000e-02
C8443	19643:33:-	10871	1	-9.522050e-05	-8.664389e-03	9.800000e-03
C8447	19673:107:+	8799	0	-1.406364e-05	1.443327e-03	1.270000e-02
C8465	19725:69:+	6896	0	5.162004e-05	6.956281e-04	7.300000e-03
C8465	19725:102:+	6929	0	-3.586800e-05	8.037451e-03	1.140000e-02
C8481	19814:95:+	6489	1	-3.880665e-06	-2.152207e-03	1.130000e-02
C8481	19827:96:+	18636	2	8.293846e-06	-1.875198e-02	3.530000e-02
C8493	19874:138:+	1282	0	5.244710e-05	4.826549e-04	1.230000e-02
C8493	19878:109:+	3084	1	-1.469262e-04	-5.119018e-03	1.120000e-02
C8493	19878:132:+	3107	0	1.227299e-05	-3.244663e-03	1.070000e-02
C8493	19878:139:+	3114	0	1.227299e-05	-1.059275e-03	9.200000e-03
C8509	19946:33:+	589	1	2.342317e-06	1.510473e-03	1.450000e-02
C8509	19946:95:+	651	1	-1.903494e-05	-3.260470e-03	9.200000e-03
C8509	19961:87:+	13948	0	-4.383625e-05	-2.307066e-03	9.500000e-03
C8509	19961:115:+	13976	0	-5.763984e-05	-1.744759e-03	1.000000e-02
C8509	19961:124:+	13985	0	-6.025548e-05	-1.443531e-03	1.440000e-02
C8511	19998:63:-	9442	1	-3.384288e-06	5.048966e-04	1.110000e-02
C8523	20092:18:+	7665	2	-5.234346e-05	1.318953e-03	8.000000e-03
C8523	20092:138:+	7785	2	-2.375647e-05	4.426084e-03	1.370000e-02
C8523	20097:124:-	8764	2	-5.249416e-05	9.610907e-04	1.070000e-02
C8523	20097:106:-	8782	2	2.861441e-04	1.448998e-01	3.720000e-02
C8523	20097:45:-	8843	2	2.861441e-04	2.007733e-01	1.003000e-01
C8543	20217:41:-	13229	2	5.489603e-05	6.253291e-03	1.060000e-02
C8543	20219:10:-	16948	2	5.877880e-05	1.371805e-02	1.450000e-02
C8545	20226:78:+	2532	1	-4.516829e-05	-5.041471e-04	1.260000e-02
C8545	20226:94:+	2548	1	-1.125468e-04	-1.651687e-03	1.420000e-02
C8545	20226:121:+	2575	1	-5.583678e-05	-2.417374e-03	1.090000e-02
C8569	20345:15:-	8630	2	7.022233e-06	-3.098568e-03	1.220000e-02
C8579	20394:17:+	2808	2	-2.046406e-05	-2.941503e-02	1.830000e-02
C8579	20394:51:+	2842	2	2.258065e-05	-6.372178e-04	1.360000e-02
C8589	20452:35:+	100	0	8.113075e-06	1.987734e-03	1.130000e-02
C8593	20466:96:-	11486	0	-3.911641e-05	-3.932894e-03	1.170000e-02
C8597	20476:93:+	457	2	6.151526e-05	5.993479e-03	1.030000e-02
C8597	20493:123:+	17437	0	-1.684819e-04	-2.141210e-02	9.900000e-03
C8615	20589:77:+	3634	0	-9.540437e-05	-1.274040e-03	1.050000e-02
C8615	20600:110:-	13988	0	-3.977784e-06	-3.229699e-03	1.230000e-02
C8615	20600:70:-	14028	0	1.566617e-04	-3.277552e-03	1.150000e-02
C8633	20679:8:+	17153	0	-9.468922e-05	1.222121e-02	1.670000e-02
C8633	20679:26:+	17171	0	8.144970e-05	2.166349e-03	8.500000e-03
C8647	20751:13:-	4086	1	9.699556e-05	7.736612e-04	1.130000e-02
C8651	20771:130:+	11850	2	-2.233611e-06	9.504855e-04	1.040000e-02
C8655	20801:68:+	13010	0	-3.898903e-05	1.535458e-03	9.500000e-03
C8655	20801:123:+	13065	0	-2.196181e-06	-2.992124e-03	1.320000e-02
C8655	20805:7:+	17271	1	-5.898656e-06	1.262168e-03	8.900000e-03
C8657	20832:41:-	8174	1	-1.088810e-04	-6.150575e-03	1.220000e-02
C8667	20872:83:+	7021	2	3.847481e-05	8.159043e-03	1.200000e-02
C8669	20880:19:+	14973	1	-8.990879e-05	-4.734692e-03	1.190000e-02
C8673	20905:108:+	18196	1	-7.985041e-05	1.259915e-03	1.010000e-02
C8683	20949:37:+	1428	2	-2.909024e-05	1.144746e-03	1.270000e-02
C8687	20978:84:-	4197	2	4.502782e-05	2.257381e-03	1.290000e-02
C8691	21009:21:+	20768	1	-1.286962e-05	1.238535e-03	1.070000e-02
C8705	21068:37:+	1163	2	8.187276e-06	2.159040e-03	8.200000e-03
C8705	21071:112:-	3154	2	-4.969541e-05	-5.511011e-04	1.380000e-02
C8715	21151:52:-	17494	0	7.922673e-05	-2.046204e-04	1.140000e-02
C8715	21151:40:-	17506	0	-3.867060e-05	-4.368599e-03	7.700000e-03
C8717	21167:58:+	20267	1	1.159600e-05	3.630852e-03	1.150000e-02
C8717	21171:43:-	20619	2	-7.491043e-05	-5.747693e-03	1.230000e-02
C8729	21220:133:-	936	1	5.950353e-05	4.565200e-03	1.200000e-02
C8731	21238:8:-	2255	2	-2.939724e-05	6.379684e-04	1.020000e-02
C8761	21348:69:+	3135	2	1.523855e-05	-1.967859e-03	9.900000e-03
C8761	21362:128:-	16287	2	-1.210596e-04	-2.492052e-03	1.160000e-02
C8801	21583:40:-	21262	2	-1.690217e-04	-2.889948e-03	9.500000e-03
C8807	21616:52:+	18593	2	-3.440802e-05	9.127867e-05	1.300000e-02
C8817	21672:124:-	21069	0	8.296535e-05	3.587001e-03	1.210000e-02
C8817	21672:77:-	21116	0	-2.013097e-05	9.972588e-03	1.530000e-02
C8825	21710:8:+	670	0	-5.869987e-05	1.079941e-03	9.200000e-03
C8825	21713:106:-	3882	0	-3.558492e-06	-4.565004e-03	1.110000e-02
C8825	21713:67:-	3921	0	-5.159552e-05	-3.637473e-02	1.670000e-02
C8829	21761:121:+	7071	1	-2.162911e-05	1.854468e-03	1.180000e-02
C8829	21773:12:+	15954	0	1.031592e-04	1.133517e-03	9.100000e-03
C8835	21799:27:+	14311	1	1.650050e-04	4.947265e-03	1.290000e-02
C8835	21799:36:+	14320	1	1.226092e-05	5.073095e-04	1.130000e-02
C8837	21811:98:-	7341	0	-1.900630e-05	-7.632026e-03	1.230000e-02
C8843	21877:80:+	16855	0	-2.844274e-05	-3.985159e-03	1.160000e-02
C8849	21919:14:-	14727	0	-9.948106e-05	-2.655494e-04	9.400000e-03
C8853	21960:47:+	326	2	-1.030139e-04	-2.071515e-02	1.530000e-02
C8853	21960:64:+	343	2	-4.087920e-05	-5.854818e-04	1.280000e-02
C8853	21960:69:+	348	2	-2.964973e-05	1.461956e-03	1.110000e-02
C8853	21960:97:+	376	2	-6.136485e-05	4.325527e-04	1.090000e-02
C8857	21993:98:+	3055	0	5.820658e-05	1.281191e-02	1.110000e-02
C8863	22037:113:+	11645	2	3.582161e-05	2.077908e-03	7.200000e-03
C8863	22037:121:+	11653	2	3.582161e-05	2.627603e-03	1.030000e-02
C8889	22131:56:-	8742	1	-3.398214e-05	-3.407728e-03	1.210000e-02
C8897	22202:121:+	15760	0	-1.131410e-05	1.624873e-03	1.250000e-02
C8903	22249:76:+	4933	2	-6.654719e-06	-3.250946e-03	1.130000e-02
C8903	22254:79:-	9248	2	1.010562e-04	1.076777e-03	8.200000e-03
C8903	22254:66:-	9261	2	-3.765500e-05	-9.703471e-02	3.490000e-02
C8909	22291:16:+	20166	2	-1.881195e-04	-2.099759e-03	1.150000e-02
C8915	22331:56:-	19598	2	4.305649e-05	-2.615943e-05	9.100000e-03
C8917	22338:98:-	459	0	-5.155324e-05	-5.497884e-04	1.320000e-02
C8917	22338:96:-	461	0	3.478423e-05	5.361570e-03	1.020000e-02
C8917	22338:84:-	473	0	3.478423e-05	1.088991e-03	9.400000e-03
C8917	22338:72:-	485	0	3.478423e-05	-1.281728e-03	1.260000e-02
C8917	22338:66:-	491	0	3.478423e-05	3.863957e-03	9.400000e-03
C8917	22338:57:-	500	0	3.478423e-05	4.052279e-03	9.900000e-03
C8917	22338:51:-	506	0	3.478423e-05	3.046249e-04	1.090000e-02
C8917	22338:32:-	525	0	3.478423e-05	3.392054e-03	1.190000e-02
C8917	22338:16:-	541	0	3.478423e-05	8.237358e-04	1.290000e-02
C8917	22338:10:-	547	0	3.478423e-05	-2.855535e-03	1.140000e-02
C8927	22424:53:-	8832	2	2.105278e-05	-2.624432e-03	1.240000e-02
C8955	22543:126:-	18482	0	6.648174e-05	-1.280075e-03	1.210000e-02
C8955	22543:102:-	18506	0	6.648174e-05	7.992495e-05	1.240000e-02
C8955	22543:60:-	18548	0	6.648174e-05	-1.833066e-05	7.200000e-03
C8955	22543:21:-	18587	0	6.648174e-05	2.503403e-03	1.050000e-02
C8955	22543:6:-	18602	0	6.648174e-05	3.603510e-03	1.210000e-02
C8959	22572:42:+	22866	1	3.289098e-05	-4.424780e-04	9.700000e-03
C8971	22610:30:+	22587	2	5.735660e-05	9.279571e-02	3.000000e-02
C8983	22670:94:-	3914	1	-4.931117e-05	1.028883e-03	1.420000e-02
C8983	22670:57:-	3951	2	2.153456e-04	1.211853e-01	1.400000e-02
C8991	22735:123:-	18996	0	-8.320299e-06	-1.568170e-01	1.122000e-01
C8991	22735:80:-	19039	2	9.128262e-06	-1.266338e-03	8.000000e-03
C9011	22893:39:-	11029	2	-1.496563e-05	-8.115098e-04	9.600000e-03
C9033	23001:84:-	13713	0	-8.917429e-05	1.074337e-03	9.300000e-03
C9033	23001:72:-	13725	0	-1.044041e-05	-2.827545e-03	9.300000e-03
C9043	23056:16:-	9593	2	-4.026892e-05	-9.026685e-04	1.450000e-02
C9045	23071:88:-	14606	1	1.768431e-04	6.880587e-03	1.490000e-02
C9049	23104:78:-	4813	2	-1.125022e-04	-1.228359e-02	8.500000e-03
C9057	23175:122:-	14670	0	1.011066e-04	-3.684713e-04	1.020000e-02
C9061	23199:112:-	1806	0	-1.237426e-05	2.843233e-04	1.040000e-02
C9061	23199:34:-	1884	0	-4.314468e-05	-7.062332e-03	1.900000e-02
C9061	23199:19:-	1899	0	-1.237426e-05	7.437546e-05	1.310000e-02
C9067	23267:74:-	18405	2	2.541600e-05	1.143544e-03	9.500000e-03
C9067	23266:84:+	18560	1	-7.620128e-05	-1.752304e-03	1.280000e-02
C9095	23419:12:-	5991	1	-1.790982e-04	-8.376079e-04	1.020000e-02
C9099	23462:112:+	1158	2	-9.228094e-06	-2.667155e-03	1.010000e-02
C9099	23462:118:+	1164	2	9.501837e-05	2.781837e-03	1.230000e-02
C9099	23475:113:-	15416	0	-7.937769e-05	2.924629e-03	1.020000e-02
C9101	23503:19:+	15153	2	-1.254098e-05	-1.341649e-03	1.330000e-02
C9107	23545:49:+	26178	1	5.896248e-05	4.692477e-04	1.020000e-02
C9107	23545:96:+	26225	1	-8.895183e-06	-7.913995e-04	1.070000e-02
C9123	23658:58:+	19100	2	7.243474e-05	3.647401e-03	1.360000e-02
C9123	23658:98:+	19140	2	5.292735e-06	-4.283226e-03	1.020000e-02
C9127	23677:35:-	22666	1	-1.217040e-05	-3.616558e-03	9.700000e-03
C9141	23775:115:-	16379	2	6.383352e-05	-1.613543e-03	1.140000e-02
C9145	23830:118:-	24842	1	1.127145e-04	4.841322e-03	1.320000e-02
C9145	23830:98:-	24862	2	-3.859993e-05	2.484725e-03	1.150000e-02
C9149	23864:109:-	24087	2	6.600169e-06	1.222851e-04	1.340000e-02
C9173	24010:134:-	22274	2	2.273287e-05	4.631066e-03	1.130000e-02
C9175	24028:23:-	27228	1	7.338933e-06	2.670836e-03	1.110000e-02
C9193	24163:105:-	23426	2	-2.104106e-05	-1.637453e-03	1.300000e-02
C9213	24344:135:+	4827	2	-8.580735e-05	-2.311610e-03	1.070000e-02
C9215	24413:126:-	25582	2	-1.254098e-05	6.995655e-04	1.010000e-02
C9217	24437:76:+	20584	0	-8.320299e-06	-5.030549e-05	1.110000e-02
C9217	24437:111:+	20619	0	-3.820114e-05	-2.088343e-03	1.230000e-02
C9217	24444:90:-	25271	1	-4.435715e-05	-1.928314e-03	1.320000e-02
C9219	24454:138:+	1792	1	2.379368e-05	-5.310206e-03	1.040000e-02
C9223	24486:55:+	17265	2	1.222902e-06	1.352762e-02	1.280000e-02
C9223	24486:59:+	17269	2	5.567332e-05	-2.165710e-03	1.090000e-02
C9235	24565:66:+	20424	0	-4.588199e-05	-8.986934e-04	8.700000e-03
C9239	24625:29:+	25308	0	1.537438e-06	4.025179e-04	9.500000e-03
C9249	24659:128:+	19225	0	-2.912501e-05	-1.050927e-03	1.140000e-02
C9249	24659:130:+	19227	0	-1.581830e-04	-5.463374e-01	7.928000e-01
C9249	24665:90:-	22231	1	-4.679663e-06	-1.918229e-03	1.010000e-02
C9251	24676:32:+	14896	2	-1.254098e-05	-5.214700e-03	9.900000e-03
C9255	24707:40:+	5969	1	-9.431691e-05	-3.426104e-03	1.310000e-02
C9263	24767:120:-	13403	1	-1.437870e-05	-3.619275e-03	1.370000e-02
C9269	24800:92:+	8815	2	-3.799683e-05	-1.165339e-03	1.150000e-02
C9271	24830:91:-	1256	1	-2.056957e-04	9.290120e-04	1.180000e-02
C9271	24830:77:-	1270	1	-4.727913e-05	-6.402655e-02	1.510000e-02
C9271	24830:71:-	1276	1	-4.727913e-05	-6.971709e-03	1.210000e-02
C9273	24865:24:-	25436	1	-1.613543e-06	-2.734330e-03	1.200000e-02
C9281	24927:91:+	222	1	-4.147097e-05	3.349142e-03	1.270000e-02
C9281	24933:60:+	6609	1	2.229390e-05	4.233349e-02	1.750000e-02
C9281	24933:110:+	6659	1	6.252525e-05	3.033849e-01	3.400000e-02
C9281	24937:116:-	16822	2	-1.002442e-04	-1.256772e-04	1.310000e-02
C9291	25025:112:-	6664	1	-7.757341e-06	-9.773796e-04	9.000000e-03
C9291	25025:99:-	6677	1	7.497458e-05	6.207012e-03	9.400000e-03
C9311	25157:8:+	5736	1	-7.333332e-05	-6.823095e-02	8.660000e-02
C9311	25157:36:+	5764	1	-6.326339e-05	9.213536e-04	1.120000e-02
C9311	25157:39:+	5767	1	-4.984711e-05	-3.285601e-03	1.280000e-02
C9315	25174:119:+	430	2	1.180760e-04	9.569586e-03	8.400000e-03
C9315	25191:32:+	24007	0	3.837617e-05	2.386828e-03	9.600000e-03
C9315	25191:46:+	24021	1	1.172979e-04	1.298117e-02	1.430000e-02
C9317	25209:138:-	15133	2	1.297733e-04	1.059970e-02	1.310000e-02
C9323	25261:118:-	5669	0	-1.053381e-04	-8.121081e-03	9.500000e-03
C9323	25261:59:-	5728	0	-2.537348e-05	1.263056e-03	1.250000e-02
C9327	25310:115:+	12295	0	5.125693e-05	3.196832e-03	1.220000e-02
C9329	25336:107:+	11566	1	-9.489532e-06	-3.189704e-03	9.100000e-03
C9335	25373:104:-	24076	0	-3.661309e-06	-2.881648e-03	1.230000e-02
C9335	25373:25:-	24155	0	1.045797e-05	4.232400e-03	1.030000e-02
C9339	25430:100:-	27488	0	-3.377432e-05	-1.256278e-03	1.270000e-02
C9345	25482:26:-	1301	0	5.001483e-05	-1.287342e-03	9.400000e-03
C9347	25525:87:+	26087	2	3.410054e-06	2.357267e-03	1.210000e-02
C9349	25531:96:-	6962	2	-1.254098e-05	1.555074e-03	1.270000e-02
C9349	25537:39:+	18332	1	2.418286e-04	5.229681e-03	1.130000e-02
C9357	25622:14:+	20907	1	-1.261565e-05	-1.056149e-03	8.700000e-03
C9361	25673:19:+	29165	2	-5.874308e-05	-1.132683e-03	1.400000e-02
C9377	25786:58:+	9436	2	7.507911e-05	3.958458e-03	1.220000e-02
C9377	25786:83:+	9461	2	-1.900980e-05	2.333547e-03	1.230000e-02
C9377	25796:95:+	22790	2	-6.516999e-06	-3.332507e-03	1.450000e-02
C9381	25826:47:-	11565	2	-8.697175e-06	-1.433485e-03	8.700000e-03
C9383	25868:106:+	27544	1	6.068376e-05	-2.280999e-03	1.150000e-02
C9391	25910:82:+	799	1	-1.362716e-05	-4.708262e-03	1.060000e-02
C9391	25931:20:+	20019	1	-3.699765e-06	-1.934142e-03	1.160000e-02
C9391	25931:90:+	20089	1	-6.841728e-06	-1.073695e-02	1.090000e-02
C9391	25937:120:-	31823	1	-8.066757e-05	-2.234774e-03	1.120000e-02
C9397	25996:63:-	8741	2	8.554932e-05	1.560422e-04	1.250000e-02
C9397	26022:11:-	28433	1	1.076164e-04	7.841017e-02	1.630000e-02
C9399	26031:48:-	6129	1	9.355583e-05	2.829009e-02	1.700000e-02
C9401	26083:58:+	30008	1	-1.057027e-05	-7.731674e-03	1.040000e-02
C9405	26090:90:-	6927	1	1.473559e-05	3.355219e-04	1.160000e-02
C9405	26100:136:+	12031	0	-1.205517e-05	-7.030672e-03	1.010000e-02
C9411	26151:129:-	20822	1	-5.946995e-05	-2.615234e-03	1.690000e-02
C9411	26151:25:-	20926	1	1.689298e-05	2.205415e-03	1.190000e-02
C9411	26161:20:+	31873	1	-5.764234e-06	-3.361920e-03	1.150000e-02
C9411	26161:26:+	31879	1	2.765552e-05	2.440486e-03	1.200000e-02
C9425	26297:23:+	27263	1	1.193504e-05	1.294852e-03	1.300000e-02
C9425	26297:129:+	27369	0	-7.089455e-05	-4.183537e-03	8.900000e-03
C9431	26325:139:+	3153	0	6.327493e-05	6.445715e-02	1.500000e-02
C9433	26355:82:+	8838	2	8.507838e-05	-4.634877e-04	8.600000e-03
C9433	26355:95:+	8851	2	-4.355477e-05	-1.534799e-03	1.250000e-02
C9439	26414:36:-	27790	0	-1.316753e-05	2.196183e-03	1.360000e-02
C9447	26486:53:+	16086	0	5.733856e-05	1.625084e-02	1.140000e-02
C9447	26486:72:+	16105	1	1.117560e-04	6.245747e-03	1.610000e-02
C9447	26494:43:-	24367	0	-1.036828e-05	-3.353689e-03	1.320000e-02
C9451	26540:57:+	17704	2	-2.180552e-05	5.934577e-03	1.470000e-02
C9453	26553:106:-	10412	1	-2.971356e-05	-4.318499e-03	1.350000e-02
C9453	26553:71:-	10447	1	-7.844392e-05	-3.277510e-03	1.090000e-02
C9453	26567:12:+	23585	1	-5.327137e-05	-3.711870e-03	9.800000e-03
C9453	26567:110:+	23683	1	-5.532052e-05	-2.759872e-03	1.290000e-02
C9455	26604:42:-	29923	0	2.764151e-05	-2.772623e-04	1.500000e-02
C9467	26727:56:-	22569	2	-1.236686e-04	-6.552308e-03	1.050000e-02
C9477	26769:71:+	8722	1	-2.634305e-05	1.760936e-03	9.700000e-03
C9477	26769:137:+	8788	1	1.193529e-04	6.167013e-03	1.220000e-02
C9481	26802:43:+	10267	1	-5.169110e-06	2.392355e-03	1.280000e-02
C9481	26802:142:+	10366	1	-5.169110e-06	1.086548e-01	3.610000e-02
C9481	26820:70:-	28908	1	6.887482e-05	2.489370e-03	1.390000e-02
C9481	26821:51:+	33240	1	-8.698800e-05	-2.473255e-03	1.280000e-02
C9481	26821:65:+	33254	1	8.071197e-05	-1.543873e-03	9.200000e-03
C9487	26865:65:-	32457	2	5.705286e-05	2.521352e-03	1.060000e-02
C9487	26865:52:-	32470	2	-1.545671e-04	-6.566349e-03	1.380000e-02
C9487	26865:25:-	32497	2	-1.080503e-05	-5.573153e-03	1.240000e-02
C9499	26963:87:+	10366	1	-2.428306e-05	-1.052361e-03	1.330000e-02
C9501	26983:97:-	383	1	-4.500548e-05	-1.970995e-03	1.060000e-02
C9501	26996:130:-	11361	2	1.086282e-04	2.432085e-03	1.130000e-02
C9501	26996:69:-	11422	0	-8.320299e-06	-2.026354e-03	1.130000e-02
C9501	27010:121:+	25211	0	-8.320299e-06	-4.458538e-04	1.000000e-02
C9507	27036:19:+	13174	2	-1.858821e-05	-2.677724e-03	1.340000e-02
C9519	27115:43:+	1882	2	-1.405904e-05	2.632780e-03	1.030000e-02
C9519	27121:106:-	16948	2	-3.038185e-05	-2.476703e-03	1.180000e-02
C9519	27122:134:-	17830	1	-1.186569e-05	1.601480e-03	1.140000e-02
C9519	27122:26:-	17938	0	-2.485721e-06	-2.252876e-03	9.900000e-03
C9519	27122:17:-	17947	1	4.785393e-05	-3.478864e-04	9.800000e-03
C9523	27137:128:+	14135	0	-1.076012e-05	-3.625048e-04	1.270000e-02
C9525	27186:106:+	34608	0	3.292014e-05	4.808029e-03	1.340000e-02
C9527	27189:59:+	3743	2	3.230352e-05	7.360171e-02	2.350000e-02
C9527	27195:104:-	9877	0	-7.821374e-05	-4.151079e-03	1.000000e-02
C9527	27201:37:-	25461	2	2.619348e-04	4.942359e-03	1.320000e-02
C9527	27201:5:-	25493	2	-3.700201e-05	-1.641953e-04	1.160000e-02
C9529	27214:132:+	2256	2	4.461969e-05	1.537949e-03	1.140000e-02
C9529	27236:47:+	22830	2	6.267704e-05	1.063670e-03	9.200000e-03
C9529	27240:122:+	32384	1	-6.449162e-05	-6.223313e-04	1.090000e-02
C9537	27290:11:+	28793	0	-3.846043e-05	1.060802e-03	9.600000e-03
C9537	27290:61:+	28843	0	-3.183789e-05	-1.433172e-01	2.520000e-02
C9545	27321:128:+	23134	2	7.512821e-05	2.715908e-03	1.220000e-02
C9549	27343:41:+	13242	2	-7.492869e-05	-1.969315e-02	1.740000e-02
C9553	27359:47:-	2691	0	-2.876765e-05	-7.502594e-03	1.050000e-02
C9553	27360:61:+	3190	2	-3.686509e-05	1.198597e-03	1.490000e-02
C9559	27468:118:-	13632	1	1.033931e-04	1.279713e-01	1.417000e-01
C9559	27468:106:-	13644	2	1.086978e-05	6.464888e-03	9.600000e-03
C9559	27468:92:-	13658	1	5.833069e-05	6.951288e-03	1.170000e-02
C9569	27602:96:+	29052	1	7.540407e-05	3.984147e-03	1.110000e-02
C9569	27602:113:+	29069	1	-6.016940e-05	-8.520372e-03	1.030000e-02
C9575	27673:45:-	1713	0	-8.320299e-06	-9.592176e-03	1.500000e-02
C9575	27672:70:+	1825	2	2.933881e-06	1.841235e-03	1.120000e-02
C9579	27768:80:-	18096	1	5.413126e-05	4.101693e-03	1.220000e-02
C9579	27768:34:-	18142	1	-3.852134e-05	-1.271022e-03	1.190000e-02
C9579	27768:12:-	18164	1	1.255083e-04	2.788098e-02	1.460000e-02
C9579	27778:14:-	25292	2	8.547909e-05	2.874382e-03	1.050000e-02
C9579	27778:9:-	25297	2	1.111574e-04	3.351082e-02	1.200000e-02
C9581	27808:90:+	26292	0	3.540150e-05	7.703660e-04	9.600000e-03
C9581	27808:116:+	26318	0	-6.144049e-05	-3.435570e-03	9.500000e-03
C9593	27873:38:-	4566	1	5.164201e-05	-5.545024e-03	1.120000e-02
C9597	27938:28:-	32048	1	-1.260618e-04	-1.101481e-02	9.000000e-03
C9597	27938:10:-	32066	1	1.449487e-04	2.593549e-04	1.040000e-02
C9599	27954:19:+	16729	2	-3.492434e-05	-8.948062e-04	8.700000e-03
C9601	28015:56:-	36386	1	-8.828659e-05	3.184029e-03	1.060000e-02
C9603	28024:23:-	8353	0	8.450401e-05	3.365950e-03	1.170000e-02
C9607	28070:51:+	13758	0	-6.470443e-05	-3.038812e-03	1.410000e-02
C9607	28070:60:+	13767	0	1.034419e-06	4.792404e-04	1.450000e-02
C9609	28091:126:+	12536	1	1.084465e-06	1.575154e-04	9.700000e-03
C9609	28095:135:-	15998	0	-1.155849e-04	-4.324507e-03	1.180000e-02
C9609	28095:12:-	16121	1	1.724435e-05	-2.722736e-03	1.220000e-02
C9611	28114:63:-	100	2	-1.517254e-04	-1.692674e-03	1.490000e-02
C9611	28114:5:-	158	2	-7.247367e-05	-1.974802e-03	8.800000e-03
C9613	28177:13:-	39251	1	-8.158203e-05	-9.385756e-04	9.500000e-03
C9615	28212:125:-	33192	1	-1.351433e-04	-2.223511e-03	1.210000e-02
C9615	28212:30:-	33287	1	1.752705e-05	-1.674298e-03	9.800000e-03
C9617	28234:28:-	21599	2	2.443575e-05	-1.631800e-03	1.260000e-02
C9617	28234:16:-	21611	2	1.503366e-04	1.552431e-01	1.996000e-01
C9619	28264:102:-	15508	1	-3.651675e-05	1.350369e-03	8.200000e-03
C9619	28264:91:-	15519	1	-3.651675e-05	-2.623090e-04	1.400000e-02
C9619	28264:39:-	15571	1	-3.651675e-05	-4.820916e-04	1.470000e-02
C9619	28264:7:-	15603	1	-3.651675e-05	3.427186e-03	9.300000e-03
C9623	28306:136:-	11647	1	-1.433676e-05	-1.226667e-03	1.630000e-02
C9623	28306:37:-	11746	1	2.253996e-04	1.565098e-01	2.119000e-01
C9627	28350:22:+	8569	0	-6.097740e-06	-2.205707e-02	1.280000e-02
C9627	28350:52:+	8599	0	-2.261700e-05	-1.340302e-02	9.500000e-03
C9627	28350:131:+	8678	0	-2.261700e-05	-1.502010e-03	1.290000e-02
C9631	28373:134:+	10726	0	-4.588199e-05	8.433350e-04	1.240000e-02
C9639	28483:65:+	24249	1	-2.128653e-05	6.332144e-02	1.680000e-02
C9639	28512:135:+	38424	1	-8.275977e-06	-1.990325e-02	1.360000e-02
C9651	28616:42:+	29072	0	-1.868026e-05	-2.376129e-03	1.400000e-02
C9651	28628:25:-	38083	2	-1.387480e-04	-6.861225e-04	1.300000e-02
C9651	28629:113:+	39684	0	-4.973718e-05	-2.158777e-04	1.070000e-02
C9663	28727:107:-	3067	1	-2.827398e-05	-5.382788e-03	1.150000e-02
C9665	28759:38:-	243	1	-2.221336e-05	1.229221e-03	9.500000e-03
C9669	28858:133:-	28591	1	-1.716894e-04	-3.844690e-03	1.190000e-02
C9669	28858:98:-	28626	1	1.109256e-05	4.636017e-03	1.430000e-02
C9675	28907:125:-	104	2	-1.067948e-05	3.185628e-03	9.800000e-03
C9675	28914:118:+	18818	0	-8.823837e-06	1.179162e-03	1.320000e-02
C9693	29090:6:+	4590	1	-2.452204e-05	-3.649334e-03	1.090000e-02
C9693	29090:82:+	4666	1	-2.418390e-05	5.964538e-04	1.140000e-02
C9693	29097:70:-	6521	0	2.441633e-05	-3.118920e-03	1.370000e-02
C9693	29105:78:-	11946	1	-1.240648e-05	3.533590e-04	1.330000e-02
C9709	29321:90:+	4251	2	5.187688e-05	7.931817e-01	7.549000e-01
C9709	29339:76:+	30607	0	-1.269495e-05	-4.117814e-03	1.290000e-02
C9713	29387:87:+	38840	2	5.932301e-05	7.709040e-03	1.220000e-02
C9719	29462:131:-	17577	2	-1.666259e-04	-6.244076e-02	6.940000e-02
C9731	29730:45:+	28327	2	3.497772e-05	-3.947712e-03	1.050000e-02
C9731	29730:130:+	28412	2	-5.788755e-05	3.499315e-03	1.100000e-02
C9731	29742:13:+	34374	1	-3.699765e-06	7.166021e-03	8.400000e-03
C9731	29749:88:-	38359	2	-6.355499e-06	-5.237079e-04	1.080000e-02
C9737	29808:101:-	26819	1	-8.152225e-05	-1.292023e-02	1.070000e-02
C9739	29837:14:+	723	1	1.207280e-04	2.896539e-03	1.190000e-02
C9739	29840:88:-	1006	2	1.506952e-05	-4.434898e-03	9.900000e-03
C9739	29848:101:+	5430	0	-3.725031e-05	-1.943754e-02	1.490000e-02
C9739	29848:117:+	5446	0	1.196942e-04	2.045324e-01	5.600000e-02
C9741	29896:71:+	2055	1	-1.365099e-05	-4.891458e-03	1.240000e-02
C9741	29896:94:+	2078	0	1.999274e-05	-2.082649e-03	1.180000e-02
C9741	29896:102:+	2086	0	-6.468278e-05	-6.044325e-03	1.190000e-02
C9741	29926:25:+	35144	2	-8.697175e-06	-2.365450e-03	1.070000e-02
C9741	29926:71:+	35190	2	-2.950189e-05	-3.226764e-03	1.130000e-02
C9745	29956:39:-	19749	0	1.368193e-05	-2.733475e-04	1.040000e-02
C9751	30059:100:-	17994	2	-3.655293e-05	-2.433400e-02	1.580000e-02
C9753	30080:115:+	2898	1	8.681226e-05	-2.043588e-03	1.490000e-02
C9761	30165:97:+	17591	1	3.826719e-05	9.740830e-02	2.090000e-02
C9761	30172:103:-	27641	0	4.754164e-05	4.102368e-03	9.700000e-03
C9761	30183:14:+	43499	2	-7.990774e-05	-4.159768e-03	1.140000e-02
C9765	30203:66:+	11713	1	-4.196588e-06	-3.074840e-03	1.310000e-02
C9765	30211:135:+	27036	2	6.060330e-05	-1.064636e-02	1.300000e-02
C9769	30261:39:-	10164	0	-1.345148e-06	-3.450305e-03	1.030000e-02
C9769	30261:20:-	10183	0	-4.618311e-05	-1.111234e-03	1.450000e-02
C9775	30387:124:-	12600	0	-4.616356e-05	1.697754e-02	1.480000e-02
C9775	30387:16:-	12708	0	-1.040845e-05	-3.557703e-03	1.130000e-02
C9777	30437:92:-	39989	0	8.349546e-05	7.445908e-04	1.140000e-02
C9777	30437:35:-	40046	1	-2.762922e-05	6.521019e-03	9.400000e-03
C9777	30437:8:-	40073	2	-3.756197e-05	2.944463e-03	1.150000e-02
C9779	30467:24:+	16816	2	6.026120e-05	-9.575364e-04	1.270000e-02
C9781	30489:98:-	9744	2	-1.309942e-04	-1.130169e-03	1.160000e-02
C9781	30500:136:+	27437	1	-2.053421e-05	2.961772e-04	1.000000e-02
C9781	30513:117:-	40679	1	-9.013465e-06	2.915866e-03	1.120000e-02
C9781	30513:76:-	40720	1	9.162709e-05	2.834660e-03	9.600000e-03
C9781	30513:13:-	40783	1	-9.122666e-05	1.690650e-03	9.100000e-03
C9785	30522:65:-	14405	1	1.619586e-04	9.947351e-03	1.270000e-02
C9789	30589:30:-	14518	0	-4.730887e-05	-2.232590e-03	8.300000e-03
C9789	30602:34:+	45621	2	6.451496e-06	2.699087e-03	9.400000e-03
C9789	30602:50:+	45637	2	6.451496e-06	1.219158e-03	1.410000e-02
C9789	30602:74:+	45661	2	6.451496e-06	1.240239e-01	1.510000e-02
C9789	30602:83:+	45670	2	6.451496e-06	1.474411e-03	8.600000e-03
C9789	30602:90:+	45677	2	6.451496e-06	-1.446802e-02	2.090000e-02
C9789	30602:92:+	45679	2	6.451496e-06	4.045404e-03	9.700000e-03
C9803	30741:68:+	24332	1	-1.091858e-05	5.060160e-05	1.280000e-02
C9803	30741:69:+	24333	1	-1.125974e-04	-2.107337e-02	9.500000e-03
C9803	30751:92:+	30648	1	2.706715e-05	-7.544538e-03	1.240000e-02
C9805	30769:68:+	2175	2	2.473989e-04	3.202887e-02	1.630000e-02
C9823	31005:7:+	19419	0	-5.172787e-06	-6.153432e-03	1.040000e-02
C9823	31016:35:-	26891	2	2.382543e-05	-1.136178e-03	1.150000e-02
C9823	31027:80:-	36849	1	6.722545e-05	3.039206e-03	1.380000e-02
C9823	31027:79:-	36850	1	6.722545e-05	-9.028115e-05	1.230000e-02
C9831	31189:62:-	51927	0	-8.320299e-06	4.677887e-04	1.180000e-02
C9831	31189:39:-	51950	0	1.707189e-04	2.539899e-03	9.900000e-03
C9833	31196:66:+	11782	2	6.291339e-05	1.061226e-02	1.280000e-02
C9845	31373:63:+	1326	1	5.749588e-06	-5.032035e-04	1.180000e-02
C9847	31427:137:-	54322	1	-7.253750e-05	-4.566838e-02	2.980000e-02
C9849	31454:64:-	41485	1	7.707563e-05	7.889838e-03	1.430000e-02
C9849	31463:45:+	54078	0	8.725851e-05	3.507835e-03	1.470000e-02
C9853	31497:116:+	568	2	7.563757e-05	-6.847349e-04	1.070000e-02
C9853	31501:93:+	6165	1	-1.562719e-04	-1.289090e-02	1.050000e-02
C9855	31531:109:+	873	1	1.302522e-05	8.062636e-04	1.210000e-02
C9855	31531:127:+	891	2	1.739094e-04	-1.472536e-03	1.220000e-02
C9855	31547:111:+	33391	2	1.732971e-05	1.394221e-03	1.240000e-02
C9857	31572:68:+	13849	1	9.289414e-05	3.390775e-03	1.030000e-02
C9863	31699:22:+	31203	2	3.003695e-05	7.586100e-04	9.600000e-03
C9863	31710:49:+	48811	1	-1.127125e-05	-1.476859e-03	9.600000e-03
C9865	31728:122:-	13194	1	-3.949809e-05	-1.700469e-03	1.300000e-02
C9865	31728:43:-	13273	1	-1.834757e-05	-2.800961e-03	1.200000e-02
C9867	31792:39:-	38517	1	-5.241785e-05	-4.706102e-03	1.430000e-02
C9867	31792:33:-	38523	1	-5.241785e-05	-2.033293e-03	1.220000e-02
C9873	31861:13:-	25954	0	-8.698734e-05	3.811172e-03	1.280000e-02
C9875	31894:94:+	15849	2	1.251774e-05	2.783387e-03	1.080000e-02
C9881	31980:8:+	12406	2	-7.066641e-05	-3.863394e-03	1.160000e-02
C9881	31980:80:+	12478	2	-1.750979e-05	1.386049e-02	1.120000e-02
C9881	31986:55:+	20177	2	8.511103e-05	1.464221e-02	1.380000e-02
C9881	32021:74:+	45101	1	2.901295e-04	7.620532e-03	1.380000e-02
C9895	32050:80:-	24184	0	2.412652e-05	1.785367e-03	1.190000e-02
C9895	32050:39:-	24225	0	-3.183334e-05	-2.268441e-03	1.020000e-02
C9897	32114:24:+	32053	0	-2.371132e-06	-2.470303e-03	1.190000e-02
C9899	32149:11:-	22478	0	5.247346e-05	4.395419e-03	1.100000e-02
C9899	32155:57:+	41907	2	-4.095229e-05	3.270390e-02	1.810000e-02
C9901	32175:90:-	3299	1	-3.474957e-05	-4.283628e-03	9.600000e-03
C9913	32320:100:+	46044	2	-5.456817e-05	-2.091686e-04	1.250000e-02
C9913	32320:136:+	46080	2	-2.111267e-05	1.270115e-03	1.120000e-02
C9913	32320:139:+	46083	2	6.367223e-05	-2.175863e-03	1.000000e-02
C9913	32329:82:+	53772	1	2.798191e-05	5.119519e-03	1.100000e-02
C9913	32329:127:+	53817	1	3.210187e-06	-3.267825e-03	9.000000e-03
C9915	32374:36:+	39631	0	-1.295783e-05	-2.053285e-03	1.190000e-02
C9915	32374:131:+	39726	0	-3.505260e-05	-1.906841e-03	1.050000e-02
C9915	32393:81:+	55639	1	-8.316748e-05	-4.029195e-02	2.690000e-02
C9919	32441:11:+	2296	2	1.463417e-04	6.238191e-04	9.000000e-03
C9919	32441:23:+	2308	2	1.463417e-04	2.173297e-03	1.370000e-02
C9919	32441:25:+	2310	2	1.463417e-04	1.928981e-03	1.030000e-02
C9919	32441:66:+	2351	2	1.463417e-04	4.956582e-05	1.300000e-02
C9919	32441:76:+	2361	2	1.463417e-04	6.045344e-02	1.890000e-02
C9919	32441:137:+	2422	2	1.463417e-04	1.518607e-03	1.100000e-02
C9919	32443:32:-	3137	0	-3.184933e-05	7.566872e-04	1.190000e-02
C9919	32466:53:-	16902	1	1.124839e-04	3.786139e-02	1.990000e-02
C9919	32501:19:+	55913	1	2.007684e-05	8.660504e-04	1.230000e-02
C9919	32501:32:+	55926	1	2.007684e-05	-1.740917e-03	1.270000e-02
C9919	32501:127:+	56021	1	2.007684e-05	5.457405e-04	1.260000e-02
C9923	32524:37:+	22264	2	-3.881389e-06	-2.281843e-03	1.420000e-02
C9923	32524:70:+	22297	2	-3.881389e-06	-1.897159e-03	1.260000e-02
C9923	32524:78:+	22305	2	-3.881389e-06	-1.991099e-03	1.140000e-02
C9923	32524:84:+	22311	2	-3.881389e-06	-1.850021e-03	1.280000e-02
C9923	32524:90:+	22317	2	-2.984569e-05	-1.634681e-02	1.310000e-02
C9923	32524:105:+	22332	2	-3.881389e-06	1.908769e-03	1.140000e-02
C9923	32524:112:+	22339	2	-3.178387e-06	-1.103272e-03	9.300000e-03
C9923	32537:67:-	26360	2	-2.783615e-05	-8.627089e-03	9.800000e-03
C9923	32537:35:-	26392	2	-6.704166e-05	3.270741e-03	1.250000e-02
C9929	32619:52:-	26401	0	5.155099e-05	-1.699232e-04	8.700000e-03
C9931	32659:100:-	31765	2	5.397801e-05	2.171808e-03	1.150000e-02
C9931	32659:88:-	31777	2	5.397801e-05	1.228043e-04	1.010000e-02
C9931	32659:57:-	31808	2	5.397801e-05	3.501026e-03	1.080000e-02
C9931	32659:30:-	31835	2	5.397801e-05	1.033571e-03	9.500000e-03
C9931	32672:21:+	62313	2	-5.234346e-05	-4.263671e-03	8.800000e-03
C9931	32672:73:+	62365	2	4.398632e-05	2.626862e-03	1.260000e-02
C9933	32698:81:+	17934	1	-5.583268e-05	-4.846766e-03	9.200000e-03
C9933	32723:109:+	47748	2	-7.129388e-05	-5.332475e-03	9.500000e-03
C9935	32750:74:-	18712	2	-3.220221e-05	4.437277e-03	1.270000e-02
C9935	32750:14:-	18772	2	4.217048e-05	-2.305548e-03	1.090000e-02
C9935	32789:126:-	50823	0	-2.361263e-05	-4.857628e-04	1.030000e-02
C9935	32789:121:-	50828	0	-1.627286e-04	-6.395803e-03	1.140000e-02
C9935	32789:11:-	50938	0	-1.627286e-04	-5.061094e-03	8.400000e-03
C9937	32812:43:+	10359	2	-7.781119e-05	1.784153e-03	9.800000e-03
C9939	32842:18:-	7782	2	5.204664e-06	4.589051e-03	1.000000e-02
C9941	32929:64:-	43732	1	-1.166564e-07	1.464795e-03	1.130000e-02
C9941	32958:137:-	62256	2	-1.176368e-05	-5.285926e-03	9.000000e-03
C9941	32958:111:-	62282	2	-1.176368e-05	-2.084533e-02	1.080000e-02
C9941	32958:94:-	62299	2	-1.176368e-05	-1.107758e-03	1.020000e-02
C9941	32958:62:-	62331	2	-1.176368e-05	4.014348e-03	7.800000e-03
C9941	32958:55:-	62338	2	-1.176368e-05	-5.910280e-03	1.560000e-02
C9947	33104:94:-	46289	2	-2.375647e-05	-9.912216e-02	2.805000e-01
C9951	33129:14:+	21076	2	-1.076389e-05	3.639315e-02	1.880000e-02
C9951	33129:59:+	21121	2	-4.421312e-05	-1.618471e-03	1.230000e-02
C9953	33174:110:+	35761	2	-1.414810e-05	3.952644e-03	1.290000e-02
C9953	33189:55:-	51493	1	-7.757341e-06	4.995497e-03	1.270000e-02
C9955	33202:74:-	10019	0	-2.781935e-05	3.687335e-04	1.150000e-02
C9955	33203:128:+	20243	0	9.289457e-05	-1.582671e-03	9.700000e-03
C9955	33214:79:-	37860	1	-9.489532e-06	-2.570839e-03	1.110000e-02
C9957	33265:44:+	26331	1	7.514207e-05	4.477325e-02	2.040000e-02
C9957	33265:76:+	26363	1	4.266684e-05	1.120442e-03	1.120000e-02
C9957	33266:91:-	26686	2	-6.014130e-07	2.421381e-03	9.700000e-03
C9957	33266:77:-	26700	2	5.330086e-05	1.734190e-03	1.180000e-02
C9957	33299:92:+	66179	2	-8.822339e-06	-2.116564e-03	1.080000e-02
C9957	33299:124:+	66211	2	-2.553026e-05	-5.617256e-03	1.200000e-02
C9959	33303:86:+	2627	2	9.405470e-05	1.601542e-02	1.240000e-02
C9959	33303:119:+	2660	2	-1.222104e-05	3.254648e-03	1.080000e-02
C9959	33315:72:-	14358	1	9.356492e-05	-2.607406e-03	9.600000e-03
C9959	33318:21:+	18843	0	-7.558631e-05	1.525288e-03	1.170000e-02
C9959	33318:50:+	18872	0	-4.859695e-05	-4.117703e-03	1.170000e-02
C9961	33383:128:+	43115	2	3.926406e-05	1.020973e-02	1.380000e-02
C9963	33407:41:-	1291	1	6.108919e-05	-2.506016e-03	1.210000e-02
C9963	33407:40:-	1292	1	7.943083e-06	1.161038e-03	1.140000e-02
C9963	33417:118:-	30547	2	6.054420e-05	1.941671e-02	1.810000e-02
C9963	33436:114:-	48144	0	5.034358e-08	1.868868e-03	1.170000e-02
C9963	33436:50:-	48208	0	1.459185e-05	-4.278735e-03	1.320000e-02
C9963	33455:76:-	66046	2	7.439081e-05	1.159421e-03	1.040000e-02
C9963	33455:68:-	66054	2	-5.035260e-05	-1.264812e-03	1.130000e-02
C9965	33468:117:+	15880	0	4.829008e-05	-3.092623e-04	1.200000e-02
C9965	33476:83:+	26443	0	9.479418e-05	-1.605884e-03	9.800000e-03
C9975	33687:66:+	21034	0	-5.571136e-05	4.892587e-05	1.240000e-02
C9979	33749:22:-	3051	1	-2.915628e-05	-6.505866e-04	1.380000e-02
C9979	33780:80:-	55406	0	1.873475e-08	-2.260877e-03	1.490000e-02
C9979	33780:45:-	55441	0	-4.820256e-08	5.999890e-03	1.460000e-02
C9985	33857:61:-	28155	0	-8.320299e-06	-4.181274e-03	8.600000e-03
C9985	33857:37:-	28179	0	-9.130548e-06	-6.311285e-03	1.210000e-02
C9985	33857:28:-	28188	0	2.479594e-05	-4.637731e-04	1.380000e-02
C9985	33873:123:-	42336	0	-5.210213e-05	-3.661889e-03	1.200000e-02
C9999	33955:81:+	11251	1	-1.709088e-05	-1.397094e-03	1.310000e-02
C10005	34027:55:-	47497	0	1.011066e-04	2.156377e-03	1.450000e-02
C10005	34029:125:-	48500	1	-1.657667e-05	-3.306533e-03	9.300000e-03
C10009	34142:10:-	25550	2	2.374465e-05	1.194060e-03	1.190000e-02
C10009	34146:91:-	31715	1	-1.000828e-04	2.694211e-03	1.050000e-02
C10009	34146:71:-	31735	1	8.393826e-05	9.695046e-04	1.270000e-02
C10009	34204:121:-	74335	1	-8.275977e-06	2.386541e-03	1.120000e-02
C10013	34256:8:-	72044	1	6.837597e-06	-3.042754e-03	1.010000e-02
C10017	34364:41:-	54681	1	7.648555e-05	-6.247810e-03	1.190000e-02
C10017	34374:78:-	73065	1	-1.065188e-04	-2.248939e-03	1.080000e-02
C10021	34424:8:-	34740	2	3.363917e-06	4.495768e-04	1.030000e-02
C10021	34454:39:+	65697	1	-9.719271e-05	5.864887e-04	8.400000e-03
C10023	34479:90:+	35443	1	-1.078728e-04	-7.227089e-05	1.060000e-02
C10023	34479:127:+	35480	1	-2.053713e-05	6.563987e-03	8.900000e-03
C10023	34502:9:-	64214	2	-7.440281e-05	-2.058204e-03	1.240000e-02
C10023	34501:19:+	64239	0	3.557374e-05	-5.774415e-05	1.410000e-02
C10023	34508:127:-	70086	1	-6.001371e-06	3.887006e-02	2.240000e-02
C10023	34508:124:-	70089	1	-7.941200e-05	-1.668881e-03	9.400000e-03
C10025	34635:92:-	76985	0	-5.075552e-05	-1.164391e-03	1.100000e-02
C10025	34635:42:-	77035	0	1.877713e-05	2.300579e-02	3.910000e-02
C10027	34709:15:+	65583	1	-7.376742e-06	3.751816e-03	1.220000e-02
C10029	34719:46:+	3823	0	6.217993e-05	1.920840e-01	1.820000e-01
C10029	34719:64:+	3841	0	5.687173e-05	3.589989e-02	1.790000e-02
C10029	34719:101:+	3878	0	-8.320299e-06	-4.842522e-03	1.020000e-02
C10029	34719:112:+	3889	0	-1.099609e-04	-4.242487e-03	1.180000e-02
C10033	34820:34:+	42164	0	-9.796647e-06	-2.530622e-03	9.500000e-03
C10035	34862:34:+	6775	1	1.550883e-05	1.130014e-03	1.070000e-02
C10035	34874:74:-	16412	2	4.233000e-05	-1.770677e-03	1.240000e-02
C10035	34920:133:-	45090	0	-4.588199e-05	2.266073e-03	1.410000e-02
C10035	34920:66:-	45157	0	-4.179847e-05	-7.426077e-03	1.150000e-02
C10037	34981:32:-	35540	2	-9.550564e-05	-1.579654e-02	1.140000e-02
C10041	35024:67:-	7383	2	2.964218e-05	-8.604925e-05	9.700000e-03
C10041	35038:31:-	31140	1	1.438443e-04	2.633610e-04	1.140000e-02
C10041	35043:117:+	35152	0	-8.070991e-05	-1.240104e-02	8.800000e-03
C10041	35066:129:-	69110	1	-3.423899e-05	1.533062e-03	9.200000e-03
C10045	35146:70:+	72143	1	-1.508491e-05	7.802821e-04	1.280000e-02
C10045	35146:124:+	72197	2	-4.712781e-07	-8.373993e-04	1.130000e-02
C10053	35229:50:-	25348	2	7.261341e-05	2.011257e-03	1.090000e-02
C10055	35300:98:+	27855	1	-1.080874e-04	-2.793755e-03	1.230000e-02
C10057	35343:69:+	40039	1	1.903902e-05	2.877388e-03	1.270000e-02
C10057	35363:60:+	80338	1	-9.557347e-06	-1.734860e-03	1.020000e-02
C10057	35363:72:+	80350	1	6.631560e-05	3.671494e-03	3.020000e-02
C10059	35377:80:-	3463	2	1.161671e-04	2.174635e-03	1.690000e-02
C10059	35377:53:-	3490	2	6.914705e-05	1.094887e-02	9.800000e-03
C10059	35379:119:+	6116	0	7.718277e-05	2.648105e-03	1.010000e-02
C10059	35392:54:-	9341	2	-2.084531e-04	-1.418584e-02	1.720000e-02
C10059	35392:41:-	9354	2	-6.355499e-06	9.076181e-04	1.020000e-02
C10059	35433:13:+	65253	1	-8.756860e-06	4.275194e-04	1.040000e-02
C10059	35433:37:+	65277	1	-3.358876e-05	-8.272199e-04	1.330000e-02
C10061	35479:53:-	41890	0	8.362089e-05	3.503580e-02	1.210000e-02
C10069	35617:55:+	73103	0	-3.733956e-05	-1.738155e-02	1.370000e-02
C10069	35627:85:+	79724	0	-3.432717e-05	3.151144e-03	1.180000e-02
C10071	35643:38:+	20815	1	-1.961468e-05	-2.030638e-03	1.160000e-02
C10071	35664:129:+	51244	2	8.774131e-05	1.687816e-01	1.910000e-02
C10073	35710:43:-	16260	2	-4.294755e-05	1.781565e-03	1.280000e-02
C10073	35767:12:-	70988	1	-6.774600e-05	-7.508477e-03	1.240000e-02
C10075	35810:79:-	34591	0	-5.139775e-05	-4.554301e-03	1.250000e-02
C10075	35810:78:-	34592	0	-5.139775e-05	-3.758706e-02	2.980000e-02
C10075	35827:108:+	40974	2	5.835396e-05	1.541945e-03	1.290000e-02
C10077	35891:50:-	20867	0	-3.753509e-05	-1.192007e-03	1.250000e-02
C10077	35891:29:-	20888	0	-5.987157e-06	6.538664e-03	1.380000e-02
C10077	35938:106:-	91186	1	-7.955072e-05	-4.650780e-03	1.060000e-02
C10079	35959:19:+	26273	0	1.129504e-04	1.479495e-02	1.930000e-02
C10079	35969:123:+	44466	2	6.622115e-05	2.005788e-03	1.000000e-02
C10079	35977:11:-	51451	2	-1.614316e-05	6.649262e-02	2.790000e-02
C10079	36014:83:-	91087	1	-3.040894e-05	-3.576799e-02	1.860000e-02
C10083	36094:86:-	91271	1	3.592723e-05	4.393162e-04	1.380000e-02
C10083	36094:71:-	91286	1	-7.706404e-05	-2.117659e-03	1.000000e-02
C10085	36100:11:+	2573	2	-5.545553e-05	4.489603e-03	1.230000e-02
C10085	36122:21:+	46099	0	-4.227670e-05	-4.961102e-03	1.240000e-02
C10085	36150:63:-	84078	0	3.015396e-06	4.295944e-02	8.390000e-02
C10087	36191:111:-	62167	2	-8.272029e-05	2.480039e-03	1.470000e-02
C10091	36232:8:+	27621	2	-4.355477e-05	-1.264274e-03	1.360000e-02
C10091	36235:16:-	37940	0	-1.529151e-04	-4.798118e-03	1.140000e-02
C10091	36240:17:+	55731	2	5.788970e-05	1.723577e-03	1.140000e-02
C10091	36240:74:+	55788	2	-3.351137e-06	-2.016477e-02	1.280000e-02
C10091	36240:92:+	55806	2	-3.351137e-06	2.245784e-03	1.520000e-02
C10093	36296:97:+	30874	2	5.306279e-05	2.363731e-03	9.700000e-03
C10093	36296:105:+	30882	2	-1.565135e-04	-1.250449e-02	1.280000e-02
C10093	36316:135:-	55770	2	-1.312517e-05	-2.169248e-03	1.190000e-02
C10099	36365:68:+	23865	0	-9.813874e-05	-7.785712e-03	8.900000e-03
C10099	36365:69:+	23866	0	-9.813874e-05	-4.518045e-04	9.700000e-03
C10099	36392:20:+	67831	0	-1.158606e-04	-8.345834e-05	1.040000e-02
C10101	36430:131:+	42055	1	8.558526e-05	3.155269e-03	1.350000e-02
C10101	36456:6:+	62503	1	-9.642939e-05	-1.332860e-03	1.050000e-02
C10101	36456:74:+	62571	1	-3.535983e-05	-1.641356e-03	9.900000e-03
C10101	36456:75:+	62572	1	-3.535983e-05	-1.061106e-03	1.120000e-02
C10101	36488:32:-	84415	0	-4.588199e-05	5.891641e-04	1.140000e-02
C10101	36496:10:+	88034	0	-6.969296e-05	2.133630e-03	1.280000e-02
C10101	36496:93:+	88117	0	-4.038288e-05	9.874208e-04	1.190000e-02
C10105	36519:77:+	9177	2	-1.944444e-06	-7.244542e-04	9.300000e-03
C10105	36537:108:-	28171	2	-1.517903e-05	-1.379567e-03	1.190000e-02
C10107	36615:92:-	55800	2	1.724027e-05	4.252320e-03	1.440000e-02
C10109	36686:96:+	52937	2	1.011677e-04	-3.621650e-03	1.060000e-02
C10109	36721:13:+	94015	1	-6.658976e-06	6.131342e-03	1.200000e-02
C10109	36721:65:+	94067	1	-3.656911e-06	2.714864e-04	1.040000e-02
C10109	36721:96:+	94098	1	-3.284792e-05	-5.429618e-04	1.570000e-02
C10115	36865:98:+	106620	2	5.676774e-06	-2.547549e-03	7.900000e-03
C10115	36865:118:+	106640	2	1.295067e-05	1.323727e-02	1.480000e-02
C10117	36876:100:+	8015	1	2.085325e-05	1.565726e-02	1.430000e-02
C10117	36889:26:-	15451	2	-4.204815e-05	-4.748239e-03	1.090000e-02
C10117	36918:26:+	32109	1	1.117133e-04	8.775843e-03	9.200000e-03
C10117	36929:105:+	50715	1	6.315197e-05	2.346896e-03	1.410000e-02
C10119	37044:58:-	79747	2	2.019565e-05	-2.810753e-03	1.140000e-02
C10121	37078:94:-	5345	0	9.265938e-05	1.137869e-03	1.390000e-02
C10121	37180:20:+	90041	2	7.193670e-06	-1.236677e-03	9.800000e-03
C10121	37180:28:+	90049	2	5.356300e-05	1.017605e-03	1.200000e-02
C10121	37180:37:+	90058	2	7.193670e-06	-3.452360e-03	1.040000e-02
C10121	37180:44:+	90065	2	7.193670e-06	4.604782e-03	1.740000e-02
C10121	37180:45:+	90066	2	7.193670e-06	4.279260e-03	1.040000e-02
C10121	37180:52:+	90073	2	7.193670e-06	1.176988e-05	1.130000e-02
C10121	37180:61:+	90082	2	7.193670e-06	-1.418230e-03	1.630000e-02
C10121	37180:72:+	90093	2	7.193670e-06	-1.853300e-03	1.040000e-02
C10121	37180:74:+	90095	2	7.193670e-06	-1.803495e-03	1.120000e-02
C10121	37180:76:+	90097	2	1.307211e-05	8.141201e-04	1.010000e-02
C10121	37180:78:+	90099	2	7.193670e-06	-2.431916e-03	1.000000e-02
C10121	37180:99:+	90120	2	7.193670e-06	-1.651632e-03	1.040000e-02
C10121	37180:112:+	90133	2	7.193670e-06	2.021616e-02	1.830000e-02
C10121	37180:114:+	90135	2	9.060534e-08	-1.125648e-01	2.740000e-02
C10121	37180:123:+	90144	2	7.193670e-06	-9.313660e-04	1.250000e-02
C10121	37180:140:+	90161	2	-2.462892e-05	-1.952570e-03	1.380000e-02
C10121	37198:123:+	106429	0	-2.811244e-05	-2.970695e-03	1.050000e-02
C10127	37226:45:-	24646	2	4.432906e-05	-1.116941e-03	1.070000e-02
C10129	37323:138:+	1282	0	9.908526e-05	6.300541e-04	1.110000e-02
C10129	37332:85:+	11573	0	6.423877e-05	1.221609e-02	3.810000e-02
C10129	37373:73:-	75762	2	9.429064e-05	2.816641e-03	9.200000e-03
C10129	37387:26:-	84554	2	-2.219890e-05	1.649583e-04	1.150000e-02
C10131	37445:112:-	39725	2	-6.753774e-05	-4.047622e-03	1.110000e-02
C10131	37445:111:-	39726	2	-6.753774e-05	-1.642300e-03	1.400000e-02
C10131	37449:10:+	42240	2	-3.004064e-05	6.508056e-03	2.400000e-02
C10131	37476:77:-	94725	2	-7.058642e-05	-7.232574e-04	1.410000e-02
C10137	37601:23:+	104268	0	-6.930254e-05	-5.226453e-01	7.899000e-01
C10137	37601:96:+	104341	0	7.718277e-05	3.098728e-03	1.270000e-02
C10137	37611:83:-	109839	1	9.643369e-05	4.121664e-02	1.650000e-02
C10137	37625:14:-	116959	1	9.958763e-05	1.428307e-01	5.290000e-02
C10137	37640:107:+	132177	1	-3.860566e-05	-1.897362e-03	1.230000e-02
C10139	37675:68:+	12206	0	-4.588199e-05	-4.249430e-02	1.260000e-02
C10139	37714:8:+	45384	2	-5.595792e-05	1.416986e-03	1.340000e-02
C10139	37714:30:+	45406	1	-1.757650e-05	-3.681212e-02	3.290000e-02
C10139	37714:67:+	45443	2	4.814268e-05	2.351510e-02	1.160000e-02
C10145	37810:48:+	9368	2	-6.094915e-05	-1.959174e-02	5.470000e-02
C10145	37810:79:+	9399	2	7.798567e-05	5.446203e-03	1.030000e-02
C10145	37810:139:+	9459	2	-6.094915e-05	-3.383978e-02	1.610000e-02
C10145	37857:31:+	49175	1	-6.335166e-05	-2.986083e-03	1.310000e-02
C10145	37857:51:+	49195	1	-1.109414e-05	-1.156605e-03	1.160000e-02
C10145	37927:7:-	144265	1	-1.278092e-05	2.382560e-03	1.060000e-02
C10145	37947:120:+	166803	2	1.575742e-05	-1.989533e-03	1.750000e-02
C10147	38032:108:+	80658	2	-5.008164e-05	-3.214800e-03	9.600000e-03
C10147	38037:136:+	89041	0	-5.813759e-05	-1.385116e-02	1.330000e-02
C10147	38094:100:-	167090	1	-6.076428e-05	-2.191401e-01	2.990000e-02
C10147	38101:132:-	172346	2	-8.073443e-06	-4.297412e-03	1.320000e-02
C10147	38101:44:-	172434	2	-3.642219e-05	-8.710110e-03	1.190000e-02
C10147	38102:124:+	173643	0	-2.107457e-05	-1.179308e-03	1.210000e-02
C10151	38287:26:+	162771	1	-3.970649e-05	-2.781827e-03	1.250000e-02
C10151	38287:57:+	162802	1	2.206502e-05	-5.213241e-03	2.430000e-02
C10151	38287:68:+	162813	1	-3.970649e-05	-1.486511e-04	1.180000e-02
C10151	38287:84:+	162829	1	-3.970649e-05	7.384685e-04	1.320000e-02
C10151	38287:100:+	162845	2	1.671759e-04	2.640482e-04	1.410000e-02
C10151	38305:31:+	190415	1	9.733578e-05	1.316973e-02	1.340000e-02
C10151	38305:66:+	190450	1	-4.173041e-05	-6.853604e-04	1.260000e-02
C10151	38305:137:+	190521	1	-1.914776e-05	-9.412505e-04	1.220000e-02
scaffold6	51:122:+	1066	2	-1.148289e-04	-2.761992e-03	1.080000e-02
scaffold6	69:119:-	18451	2	3.258359e-05	5.202008e-03	1.140000e-02
scaffold6	69:109:-	18461	2	3.258359e-05	2.599032e-03	1.060000e-02
scaffold6	69:106:-	18464	2	3.258359e-05	-2.030329e-02	1.330000e-02
scaffold6	69:104:-	18466	2	3.258359e-05	2.161849e-03	9.700000e-03
scaffold6	69:84:-	18486	2	3.258359e-05	4.503899e-04	1.280000e-02
scaffold6	69:82:-	18488	2	3.258359e-05	2.060984e-03	9.800000e-03
scaffold6	69:72:-	18498	2	3.258359e-05	-2.347859e-04	1.320000e-02
scaffold6	69:65:-	18505	2	3.258359e-05	1.507526e-03	1.250000e-02
scaffold6	69:61:-	18509	2	3.258359e-05	3.747212e-03	1.180000e-02
scaffold6	69:48:-	18522	2	3.258359e-05	7.567674e-04	1.250000e-02
scaffold6	69:43:-	18527	2	3.258359e-05	8.604486e-04	9.800000e-03
scaffold6	69:18:-	18552	2	3.258359e-05	1.438804e-03	1.470000e-02
scaffold6	69:9:-	18561	2	3.258359e-05	-4.545121e-04	1.130000e-02
scaffold22	123:91:-	1282	1	1.238155e-05	3.200625e-02	1.880000e-02
scaffold22	122:62:+	1432	1	-2.401584e-05	-3.031496e-03	1.350000e-02
scaffold22	138:8:-	9509	2	-3.857801e-05	-6.329132e-03	1.130000e-02
scaffold32	203:42:+	17507	2	5.314254e-05	6.032074e-02	1.770000e-02
scaffold32	203:49:+	17514	2	5.314254e-05	3.830465e-03	1.050000e-02
scaffold32	203:50:+	17515	2	5.314254e-05	9.589904e-04	1.300000e-02
scaffold32	203:81:+	17546	2	-3.213548e-05	-1.670759e-03	1.230000e-02
scaffold32	203:125:+	17590	2	8.345922e-05	-4.929583e-04	1.340000e-02
scaffold32	208:57:+	26595	0	3.978000e-05	5.447629e-03	1.370000e-02
scaffold32	208:96:+	26634	0	-6.103928e-05	-1.828758e-04	1.280000e-02
scaffold43	573:136:+	202932	0	6.985748e-05	2.971560e-04	1.120000e-02
scaffold43	585:91:-	220682	1	1.296791e-05	-2.978621e-03	9.600000e-03
scaffold43	589:42:+	231665	2	4.562429e-05	-1.674921e-03	9.500000e-03
scaffold43	589:112:+	231735	2	5.164764e-08	-4.566888e-04	1.470000e-02
scaffold47	625:119:-	7660	1	-5.532290e-05	-6.987213e-01	7.370000e-01
scaffold47	625:51:-	7728	1	-5.966916e-05	2.715893e-05	9.900000e-03
scaffold48	662:19:+	53850	0	-3.717778e-05	1.697919e-03	1.090000e-02
scaffold51	696:40:-	3438	2	-3.152235e-05	-1.589294e-03	8.900000e-03
scaffold51	696:35:-	3443	2	-1.208252e-04	-2.721203e-03	1.090000e-02
scaffold55	748:78:-	37082	0	-1.866067e-05	-4.015399e-03	1.430000e-02
scaffold68	844:84:+	11885	0	4.135502e-05	-2.220475e-03	9.500000e-03
scaffold68	844:106:+	11907	0	1.300771e-04	5.146213e-03	1.130000e-02
scaffold68	875:28:-	34652	2	-1.254098e-05	3.155094e-02	2.480000e-02
scaffold76	949:80:-	38576	1	3.014684e-05	-4.161275e-03	1.330000e-02
scaffold77	973:114:+	5614	0	-4.808698e-05	-3.118045e-03	1.050000e-02
scaffold77	975:91:-	6667	1	-1.436858e-05	-5.564856e-03	1.080000e-02
scaffold78	1011:68:+	26106	0	2.518785e-05	8.754247e-04	1.280000e-02
scaffold78	1012:91:+	26517	1	1.494937e-04	4.388167e-03	8.800000e-03
scaffold84	1076:48:-	2200	2	-2.918364e-05	-1.734239e-03	1.220000e-02
scaffold84	1107:105:+	37128	1	-4.145494e-06	-5.999274e-04	1.350000e-02
scaffold84	1107:112:+	37135	1	2.474212e-05	-5.010442e-03	1.120000e-02
scaffold84	1129:74:-	44538	2	-5.058140e-05	-4.967789e-03	1.170000e-02
scaffold86	1199:104:-	18773	2	-2.625139e-05	-5.794169e-03	8.600000e-03
scaffold87	1219:127:-	15047	0	3.516915e-05	1.045952e-02	2.080000e-02
scaffold93	1341:58:+	46046	2	-1.836061e-05	-4.109155e-03	9.000000e-03
scaffold93	1341:118:+	46106	2	3.940836e-05	6.084833e-03	1.610000e-02
scaffold93	1398:11:+	117287	0	9.686311e-06	1.892529e-04	1.280000e-02
scaffold93	1420:88:+	131623	1	-2.727966e-05	-9.794185e-04	1.100000e-02
scaffold106	1554:108:-	27255	1	4.818936e-05	-6.847912e-04	9.000000e-03
scaffold107	1597:85:-	2371	1	6.140541e-05	9.003342e-04	1.270000e-02
scaffold113	1777:102:-	12730	1	9.942540e-05	9.814467e-03	1.080000e-02
scaffold113	1777:41:-	12791	1	4.581067e-05	1.057994e-01	3.150000e-02
scaffold113	1796:90:+	33877	0	-9.130548e-06	-6.936118e-03	1.070000e-02
scaffold115	1832:90:-	21773	1	-1.793174e-05	-2.126440e-03	1.310000e-02
scaffold115	1841:22:-	34893	1	-4.008054e-05	-2.146113e-03	1.140000e-02
scaffold115	1841:19:-	34896	1	-3.074715e-05	-1.818082e-03	8.300000e-03
scaffold117	1900:86:+	22613	1	6.231664e-05	5.233860e-04	1.350000e-02
scaffold117	1900:116:+	22643	1	6.231664e-05	-3.121001e-03	1.030000e-02
scaffold120	1956:37:+	41888	2	1.558329e-04	7.656771e-03	1.190000e-02
scaffold120	1956:38:+	41889	2	1.558329e-04	3.512707e-03	1.240000e-02
scaffold120	1969:138:-	54967	1	-5.601262e-05	-6.300453e-04	1.080000e-02
scaffold124	1998:62:-	1005	0	1.179149e-04	2.379108e-03	1.290000e-02
scaffold126	2021:101:+	9047	1	-2.111188e-06	2.160761e-03	1.050000e-02
scaffold127	2028:131:-	5057	2	-2.625104e-05	2.402350e-04	1.020000e-02
scaffold127	2028:98:-	5090	2	5.003082e-05	5.657899e-03	1.130000e-02
scaffold127	2028:17:-	5171	2	7.440937e-05	4.477796e-03	1.610000e-02
scaffold138	2162:119:-	11489	0	1.652880e-05	-2.754638e-03	1.380000e-02
scaffold143	2225:135:-	10651	2	7.205567e-05	5.618343e-03	1.220000e-02
scaffold143	2225:109:-	10677	2	-2.846086e-05	-2.696026e-03	9.300000e-03
scaffold151	2333:32:-	47614	2	-2.857621e-05	-3.178991e-03	1.200000e-02
scaffold151	2387:13:-	100644	0	7.577826e-05	6.878051e-03	1.010000e-02
scaffold153	2517:35:-	1705	1	-5.772122e-05	-2.523045e-03	1.580000e-02
scaffold158	2609:32:-	3897	2	4.681955e-05	-1.889728e-03	1.130000e-02
scaffold158	2609:22:-	3907	2	-1.498648e-05	-4.295519e-04	9.800000e-03
scaffold158	2633:6:-	18494	1	-1.326835e-06	-1.858973e-03	1.100000e-02
scaffold162	2703:63:+	36851	1	-1.207800e-05	-1.349655e-03	7.900000e-03
scaffold167	2782:139:-	6903	1	3.292788e-05	-4.552380e-03	1.120000e-02
scaffold167	2782:76:-	6966	1	7.823118e-05	1.629769e-01	4.460000e-02
scaffold168	2794:137:-	1487	1	6.440016e-05	4.596895e-02	1.860000e-02
scaffold168	2807:131:+	11553	0	-4.372687e-05	-8.756797e-04	1.290000e-02
scaffold168	2819:61:+	22805	0	-4.295993e-05	-2.084324e-03	2.720000e-02
scaffold168	2819:89:+	22833	1	5.661560e-05	1.830848e-02	1.480000e-02
scaffold168	2822:12:+	27510	0	-2.911297e-05	-1.595191e-03	1.160000e-02
scaffold168	2822:75:+	27573	0	-2.911297e-05	-2.074553e-02	1.680000e-02
scaffold168	2822:89:+	27587	0	-2.911297e-05	-1.844426e-03	1.410000e-02
scaffold168	2822:121:+	27619	0	-2.911297e-05	-2.718958e-03	1.540000e-02
scaffold168	2844:28:+	62030	0	1.152054e-05	1.506972e-03	1.050000e-02
scaffold168	2864:52:-	78741	1	-8.627470e-05	-1.646474e-02	1.160000e-02
scaffold168	2870:93:-	85566	0	8.384931e-05	1.035037e-03	1.070000e-02
scaffold168	2893:105:+	109302	0	-8.320299e-06	-9.161908e-03	1.050000e-02
scaffold170	2980:14:+	91300	1	-3.013875e-05	6.745664e-03	1.050000e-02
scaffold175	3099:23:+	7663	1	-4.036587e-05	-1.962769e-03	1.540000e-02
scaffold175	3099:125:+	7765	1	1.140255e-05	3.412218e-03	1.100000e-02
scaffold178	3209:81:-	52245	1	5.127787e-05	4.194918e-01	4.130000e-02
scaffold178	3218:111:-	66205	2	-2.719055e-04	-7.850244e-03	1.290000e-02
scaffold181	3253:47:+	11001	1	-7.020729e-05	-1.187245e-02	2.220000e-02
scaffold181	3253:48:+	11002	1	-7.020729e-05	2.076545e-03	1.130000e-02
scaffold181	3253:65:+	11019	1	6.645277e-05	6.597629e-02	1.171000e-01
scaffold187	3377:81:-	9911	2	-1.460749e-04	-7.060057e-03	1.460000e-02
scaffold187	3377:16:-	9976	2	2.332686e-05	3.235608e-04	1.140000e-02
scaffold189	3409:20:+	17217	2	-2.738489e-05	8.746184e-05	1.180000e-02
scaffold189	3409:109:+	17306	2	-3.486093e-05	-1.630963e-03	9.900000e-03
scaffold189	3409:110:+	17307	2	-2.286079e-05	-2.982206e-03	1.080000e-02
scaffold198	3523:10:+	26220	1	-1.447143e-05	-3.705135e-03	1.210000e-02
scaffold198	3523:16:+	26226	1	7.995642e-05	5.820030e-02	1.220000e-02
scaffold214	3696:69:-	11491	0	-7.833014e-05	-3.825094e-03	1.370000e-02
scaffold216	3715:27:-	8186	1	-8.641835e-05	9.840619e-04	1.030000e-02
scaffold216	3721:99:-	19024	0	-7.857431e-05	-3.092341e-04	7.700000e-03
scaffold218	3740:50:+	16743	1	-4.009555e-06	8.006707e-04	1.660000e-02
scaffold218	3740:58:+	16751	1	-4.776314e-05	1.184059e-03	1.270000e-02
scaffold224	3823:25:+	110	1	7.023058e-05	-2.575454e-03	9.200000e-03
scaffold224	3823:30:+	115	1	1.231366e-05	4.107376e-04	1.180000e-02
scaffold224	3823:138:+	223	1	7.023058e-05	-1.211787e-03	9.600000e-03
scaffold227	3862:115:-	754	0	-6.422661e-05	-3.876303e-03	1.090000e-02
scaffold227	3879:16:+	31071	1	4.829841e-05	1.092497e-03	1.010000e-02
scaffold227	3908:85:-	64699	1	8.907683e-05	9.914699e-03	1.260000e-02
scaffold231	3988:14:+	72375	0	-8.775627e-05	-1.459908e-03	9.000000e-03
scaffold231	4000:105:+	88406	2	6.141456e-05	5.137823e-03	1.290000e-02
scaffold236	4136:42:-	55745	0	-3.613576e-05	-3.546958e-03	1.050000e-02
scaffold239	4304:67:-	12881	1	1.328455e-05	-1.760773e-03	1.160000e-02
scaffold239	4304:45:-	12903	1	7.630992e-05	7.546204e-02	2.180000e-02
scaffold240	4324:15:+	7086	2	-1.254098e-05	-1.393796e-02	1.590000e-02
scaffold240	4324:124:+	7195	2	8.034913e-06	1.654926e-01	1.890000e-02
scaffold245	4466:44:+	5131	1	-1.249804e-04	-1.413990e-03	1.210000e-02
scaffold245	4466:109:+	5196	1	-6.683321e-05	-5.911392e-03	1.100000e-02
scaffold245	4478:58:-	12011	1	-1.386070e-05	-2.694801e-01	4.190000e-02
scaffold251	4597:111:-	40818	2	-1.776087e-05	5.060449e-03	1.310000e-02
scaffold251	4612:11:+	69061	1	-2.052705e-05	7.790709e-04	1.440000e-02
scaffold253	4692:68:+	51072	2	-4.206579e-05	1.893907e-03	9.600000e-03
scaffold253	4692:96:+	51100	2	-3.351137e-06	8.916056e-03	1.110000e-02
scaffold253	4692:139:+	51143	2	6.489083e-05	-2.275304e-03	1.090000e-02
scaffold254	4696:121:-	1996	1	-8.585412e-05	1.752194e-03	1.170000e-02
scaffold254	4696:15:-	2102	0	-1.395405e-06	3.923689e-03	1.200000e-02
scaffold255	4709:78:+	9002	0	2.864418e-05	3.118868e-03	1.140000e-02
scaffold264	4919:134:+	19960	1	-2.343576e-05	5.501880e-03	9.600000e-03
scaffold267	4962:83:+	36599	2	-5.417002e-05	-1.806743e-03	1.160000e-02
scaffold268	4982:19:-	12902	2	7.696882e-05	8.587093e-03	1.100000e-02
scaffold268	4992:85:-	22806	0	9.285433e-05	-2.942391e-04	1.210000e-02
scaffold269	5016:78:+	33127	2	-3.414425e-06	-3.717362e-03	1.190000e-02
scaffold271	5097:53:-	58042	2	-5.172890e-05	-1.968570e-01	6.980000e-02
scaffold272	5212:90:-	126505	2	-1.385785e-05	-1.235389e-04	1.330000e-02
scaffold272	5222:76:-	132360	0	8.619287e-06	9.459357e-04	9.000000e-03
scaffold275	5288:48:+	26132	2	4.809974e-05	1.686704e-01	9.580000e-02
scaffold275	5288:124:+	26208	2	-7.032015e-05	4.068053e-02	2.260000e-02
scaffold276	5307:75:-	12345	2	8.357901e-05	2.181793e-04	1.110000e-02
scaffold279	5366:44:+	7042	0	-5.014794e-05	-1.482283e-04	1.300000e-02
scaffold279	5366:90:+	7088	1	-1.089990e-04	-2.141861e-03	1.050000e-02
scaffold279	5419:18:-	92625	2	-1.103023e-04	-3.278970e-03	1.090000e-02
scaffold281	5484:138:-	20596	0	-8.320299e-06	-3.504483e-04	1.000000e-02
scaffold281	5484:14:-	20720	1	-6.628959e-06	4.351797e-04	1.050000e-02
scaffold282	5514:18:+	25826	2	-4.705144e-05	-2.795491e-03	1.100000e-02
scaffold287	5661:84:+	14226	1	3.115484e-05	5.784005e-02	3.080000e-02
scaffold288	5709:69:+	37558	1	-3.575757e-06	-1.940823e-04	1.030000e-02
scaffold289	5740:31:-	21098	2	3.624405e-05	2.763940e-03	1.330000e-02
scaffold289	5765:8:+	32546	2	6.383352e-05	5.921562e-03	7.300000e-03
scaffold289	5765:34:+	32572	2	6.383352e-05	2.669365e-03	1.020000e-02
scaffold289	5765:115:+	32653	2	-9.188107e-05	-2.115323e-03	1.120000e-02
scaffold290	5790:43:+	12961	2	-3.689291e-05	1.685712e-02	3.500000e-02
scaffold290	5802:36:+	31639	0	1.540693e-04	3.317987e-02	1.340000e-02
scaffold293	5944:42:+	52816	0	1.196942e-04	1.690090e-03	1.060000e-02
scaffold294	5956:71:-	1284	1	-1.046312e-04	-2.999368e-03	1.350000e-02
scaffold295	5991:97:+	4427	2	-7.365892e-05	3.817316e-04	1.110000e-02
scaffold296	6069:9:+	23217	1	-5.355061e-06	4.286192e-03	9.500000e-03
scaffold296	6069:44:+	23252	1	-5.355061e-06	1.406775e-03	1.100000e-02
scaffold296	6069:45:+	23253	1	-5.355061e-06	-3.597608e-02	1.660000e-02
scaffold296	6069:58:+	23266	1	-5.355061e-06	1.600289e-03	1.630000e-02
scaffold296	6069:78:+	23286	1	-5.355061e-06	5.257377e-02	1.520000e-02
scaffold296	6069:80:+	23288	1	-5.355061e-06	6.875985e-04	1.390000e-02
scaffold296	6069:109:+	23317	1	-5.355061e-06	6.483451e-04	1.720000e-02
scaffold298	6180:113:-	7674	0	-2.494952e-05	-3.161272e-03	1.330000e-02
scaffold298	6180:112:-	7675	0	-2.494952e-05	-1.538086e-03	1.420000e-02
scaffold298	6180:53:-	7734	0	2.493765e-05	1.399421e-03	1.520000e-02
scaffold301	6362:136:-	55797	2	2.768965e-06	8.355170e-03	1.600000e-02
scaffold301	6410:112:+	125164	0	5.374609e-05	1.365349e-03	9.200000e-03
scaffold301	6448:62:-	166201	0	3.877187e-05	1.941546e-04	1.480000e-02
scaffold302	6456:126:+	9343	2	-1.079824e-05	4.132892e-03	1.230000e-02
scaffold304	6494:104:+	31550	1	1.861086e-04	2.549791e-03	9.800000e-03
scaffold304	6494:117:+	31563	2	-1.666035e-05	-4.473056e-03	1.280000e-02
scaffold304	6516:55:+	75985	0	-2.161220e-05	-2.804742e-03	1.110000e-02
scaffold304	6524:44:-	83703	2	-4.357231e-05	-6.446222e-03	1.450000e-02
scaffold306	6655:20:+	24871	2	3.725709e-05	-3.371564e-03	1.520000e-02
scaffold306	6673:37:+	48656	1	-9.533789e-05	-3.530922e-03	1.170000e-02
scaffold306	6673:93:+	48712	1	1.071650e-05	4.899596e-04	9.700000e-03
scaffold306	6704:44:+	79664	1	-8.709059e-05	3.316968e-03	1.150000e-02
scaffold306	6716:92:-	104036	0	-8.182904e-05	-1.612124e-02	1.160000e-02
