9.126822e-04
-3.199621e-03
4.585261e-02
3.003548e-02
-2.052916e-03
3.908169e-02
-3.270824e-02
-2.864933e-02
-3.477851e-02
-3.488787e-02
-4.109556e-02
-3.296255e-02
-4.212276e-02
4.408889e-02
9.568967e-02
6.879702e-03
3.938812e-02
5.688187e-02
3.636358e-02
4.639255e-02
3.910825e-02
3.618241e-02
2.916716e-02
4.525854e-02
3.370648e-02
-2.036540e-02
1.051531e-01
3.544934e-02
1.214043e-02
-3.280848e-02
-4.296268e-02
-3.342146e-02
-3.263365e-02
-3.232391e-02
-3.551803e-02
-2.912234e-02
-3.262062e-02
-6.055632e-02
-3.563284e-02
-4.220802e-02
-2.824556e-02
-3.473126e-02
-3.212462e-02
