900	C8201	84.921	126	18	1	1	125	5076	5201	4.41e-29	126
900	scaffold151	83.582	134	20	2	2	133	137257	137390	1.59e-28	124
900	scaffold151	89.189	74	8	0	52	125	21673	21600	4.47e-19	93.5
900	C2127	85.345	116	11	4	10	125	517	408	9.55e-26	115
900	C9539	94.521	73	4	0	46	118	34603	34675	3.43e-25	113
900	scaffold294	84.746	118	13	3	1	118	38672	38784	3.43e-25	113
900	C9727	83.333	126	14	5	1	125	32493	32374	4.44e-24	110
900	scaffold174	92.105	76	6	0	50	125	5651	5726	1.60e-23	108
900	C2375	92.000	75	6	0	50	124	1871	1797	5.75e-23	106
900	C10035	89.286	84	8	1	42	125	42169	42087	2.07e-22	104
900	scaffold87	83.621	116	14	1	1	116	6134	6244	2.07e-22	104
900	C7841	88.506	87	7	2	50	136	8353	8436	7.43e-22	102
900	scaffold223	81.890	127	16	7	10	134	12496	12375	2.67e-21	100
900	scaffold149	89.474	76	8	0	50	125	14087	14012	3.46e-20	97.1
900	C9973	86.905	84	7	1	46	125	7947	7864	1.61e-18	91.6
900	C7901	89.855	69	7	0	50	118	13535	13603	5.79e-18	89.8
900	C7513	80.508	118	18	3	1	118	2085	2197	7.49e-17	86.1
900	C9825	96.078	51	2	0	75	125	40958	40908	2.69e-16	84.2
900	C8029	89.796	49	0	3	90	138	10754	10711	1.63e-08	58.4
10429	C10107	93.269	104	4	2	37	140	10854	10754	2.62e-36	150
10429	C4877	94.792	96	3	1	45	140	4790	4697	9.41e-36	148
10429	C9937	92.929	99	5	1	42	140	32996	33092	4.38e-34	143
10429	C9937	95.349	86	4	0	46	131	56048	56133	2.04e-32	137
10429	C9723	93.750	96	4	1	45	140	42656	42563	4.38e-34	143
10429	C5445	94.624	93	3	1	47	139	4885	4795	4.38e-34	143
10429	C4129	92.929	99	5	1	42	140	3336	3432	4.38e-34	143
10429	C4015	93.750	96	4	1	45	140	1326	1233	4.38e-34	143
10429	scaffold168	93.750	96	4	1	45	140	43345	43438	4.38e-34	143
10429	scaffold106	93.750	96	4	1	45	140	13972	13879	4.38e-34	143
10429	C9539	92.857	98	5	2	35	131	9324	9228	1.58e-33	141
10429	C9387	95.402	87	4	0	45	131	22141	22227	5.67e-33	139
10429	C9979	91.919	99	6	1	42	140	50929	51025	2.04e-32	137
10429	C9405	91.919	99	6	1	42	140	1089	1185	2.04e-32	137
10429	C9065	92.708	96	5	1	45	140	1090	997	2.04e-32	137
10429	C8523	92.708	96	5	1	45	140	4829	4736	2.04e-32	137
10429	C8361	91.919	99	6	1	42	140	5390	5486	2.04e-32	137
10429	C3655	92.708	96	5	1	45	140	2576	2483	2.04e-32	137
10429	C9827	92.632	95	5	1	46	140	47330	47422	7.33e-32	135
10429	C8101	95.294	85	4	0	47	131	10076	10160	7.33e-32	135
10429	scaffold306	92.632	95	5	1	46	140	480	388	7.33e-32	135
10429	C9819	91.667	96	6	1	45	140	22407	22314	9.48e-31	132
10429	C1247	91.667	96	6	1	45	140	1061	968	9.48e-31	132
10429	scaffold279	91.667	96	6	1	45	140	43593	43500	9.48e-31	132
10429	scaffold150	94.937	79	2	1	62	140	5473	5397	5.71e-28	122
10429	C9559	91.111	90	6	1	42	131	25692	25779	2.05e-27	121
10429	C8549	90.323	93	7	1	48	140	9426	9336	2.05e-27	121
10429	C9075	86.538	104	7	2	42	140	10551	10652	1.60e-23	108
10429	scaffold32	89.412	85	9	0	47	131	38511	38595	1.60e-23	108
10429	C10075	90.123	81	7	1	46	126	72413	72334	2.07e-22	104
10429	C9717	94.203	69	2	1	72	140	829	895	2.07e-22	104
10429	C2881	85.417	96	10	2	39	131	2637	2543	3.46e-20	97.1
10429	C10131	93.750	64	2	1	77	140	69577	69638	1.24e-19	95.3
10429	C9681	89.831	59	3	2	83	140	43750	43806	5.83e-13	73.1
10429	scaffold274	95.455	44	2	0	45	88	11689	11646	2.10e-12	71.3
10429	C8105	95.455	44	0	1	97	140	12224	12265	7.54e-12	69.4
12489	scaffold43	90.647	139	13	0	1	139	178902	179040	7.18e-47	185
12489	C9767	87.943	141	14	3	1	140	30302	30164	3.36e-40	163
12489	C9297	86.923	130	17	0	1	130	3120	3249	3.39e-35	147
12489	C10129	86.822	129	16	1	1	129	130776	130649	4.38e-34	143
12489	C9971	85.156	128	19	0	1	128	51405	51532	9.48e-31	132
17521	scaffold272	91.429	140	7	2	2	141	30170	30304	2.08e-47	187
17521	scaffold272	96.610	59	2	0	87	145	22671	22729	1.00e-20	99.0
17521	C8661	88.966	145	11	1	1	145	8392	8531	1.62e-43	174
17521	C9343	88.889	144	11	2	2	145	1409	1547	5.83e-43	172
17521	C9147	88.889	144	11	1	2	145	16070	15932	5.83e-43	172
17521	C9991	88.276	145	12	2	1	145	57461	57322	7.54e-42	169
17521	C9991	93.220	59	4	0	87	145	66090	66032	2.17e-17	87.9
17521	C6123	88.356	146	10	5	1	145	243	104	7.54e-42	169
17521	C9847	85.806	155	7	4	1	145	54459	54310	2.73e-36	150
17521	C8925	97.674	86	2	0	1	86	1625	1540	9.82e-36	148
17521	C8925	96.610	59	2	0	87	145	7683	7625	1.00e-20	99.0
17521	C8925	100.000	33	0	0	113	145	1512	1480	1.32e-09	62.1
17521	C10147	88.333	120	6	5	2	118	43826	43712	2.13e-32	137
17521	C10147	100.000	56	0	0	90	145	50869	50814	2.16e-22	104
17521	C10147	89.744	78	5	2	61	138	20690	20616	3.61e-20	97.1
17521	C10147	94.828	58	2	1	87	144	89374	89318	6.04e-18	89.8
17521	C10147	93.103	58	4	0	87	144	94844	94787	7.81e-17	86.1
17521	C8071	88.393	112	8	1	34	145	6790	6896	3.56e-30	130
17521	C8137	90.722	97	4	1	49	145	14421	14512	1.65e-28	124
17521	C8919	83.221	149	8	5	1	145	11382	11247	2.14e-27	121
17521	C9725	100.000	59	0	0	87	145	5037	4979	4.63e-24	110
17521	C8781	100.000	59	0	0	87	145	8441	8383	4.63e-24	110
17521	C9973	98.305	59	1	0	87	145	17505	17563	2.16e-22	104
17521	C6317	98.305	59	1	0	87	145	4231	4173	2.16e-22	104
17521	scaffold236	98.305	59	1	0	87	145	81130	81188	2.16e-22	104
17521	scaffold175	98.305	59	1	0	87	145	13128	13186	2.16e-22	104
17521	scaffold82	98.305	59	1	0	87	145	5533	5591	2.16e-22	104
17521	C7451	98.276	58	1	0	87	144	7265	7208	7.75e-22	102
17521	C6839	98.276	58	1	0	87	144	166	109	7.75e-22	102
17521	C3265	98.276	58	1	0	87	144	2033	1976	7.75e-22	102
17521	C3265	98.276	58	1	0	87	144	2143	2086	7.75e-22	102
17521	C3265	91.781	73	2	2	76	144	2268	2196	1.00e-20	99.0
17521	C8433	98.246	57	1	0	89	145	5320	5376	2.79e-21	100
17521	C9781	96.610	59	2	0	87	145	27357	27415	1.00e-20	99.0
17521	C9781	96.429	56	2	0	87	142	18680	18735	4.67e-19	93.5
17521	C9319	96.552	58	2	0	87	144	25373	25430	3.61e-20	97.1
17521	C8271	98.182	55	1	0	91	145	2153	2207	3.61e-20	97.1
17521	C5751	96.552	58	2	0	87	144	5334	5277	3.61e-20	97.1
17521	C7041	96.491	57	2	0	88	144	1724	1780	1.30e-19	95.3
17521	C8117	94.915	59	3	0	87	145	842	900	4.67e-19	93.5
17521	C3777	94.915	59	3	0	87	145	881	939	4.67e-19	93.5
17521	C9507	94.828	58	3	0	87	144	26039	26096	1.68e-18	91.6
17521	C8705	94.828	58	3	0	87	144	17620	17677	1.68e-18	91.6
17521	C8621	94.828	58	3	0	87	144	2264	2207	1.68e-18	91.6
17521	C6617	94.915	59	1	1	89	145	4558	4616	1.68e-18	91.6
17521	C8143	98.039	51	1	0	94	144	14603	14653	6.04e-18	89.8
17521	scaffold36	93.220	59	4	0	87	145	39235	39177	2.17e-17	87.9
40241	C9761	84.173	139	20	2	2	140	2424	2560	2.64e-31	134
40241	C8547	90.323	62	6	0	65	126	616	677	9.68e-16	82.4
40241	scaffold171	87.879	66	8	0	65	130	8694	8759	1.25e-14	78.7
40241	scaffold111	88.889	63	5	2	65	126	10421	10482	4.51e-14	76.8
40241	C5441	88.525	61	7	0	70	130	852	912	1.62e-13	75.0
40241	scaffold174	86.567	67	7	2	65	130	11999	11934	5.83e-13	73.1
40241	C7753	84.615	65	10	0	65	129	3223	3159	9.75e-11	65.8
52006	scaffold296	100.000	140	0	0	1	140	24218	24079	4.17e-69	259
52006	C9665	93.478	46	1	2	29	73	7317	7273	2.71e-11	67.6
